10 : -72;-72;-70;-70;-73;-73;-73;-73;-74;-74;-74;-74;-74;-74;-74;-74;-74;-74;-75;-74;-74;-74;-74;-74;-74;-74;-74;-74;-74;-75;-75;-74;-74;-74;-74;-74;-74;-74;-74;-74;-74;-74;-74;-74;-74;-74;-74;-74;-74;-74;-74;-75;-75;-75;-74;-74;-71;-71;-72;-73;-73;-73;-73;-72;-72;-72;-72;-72;-71;-71;-71;-71;-71;-71;-71;-71;-71;-70;-71;-71;-70;-70;-70;-70;-70;-70;-70;-70;-70;-71;-71;-71;-72;-72;-72;-72;-72;-72;-72;-72;&&
  Avg : -72.70  Var : 245.00  Std Dev : 15.65 Comp Values L : -74 Upper : -71
AvgBits (18) : 1 1 0 0 0 0 0 0 1 1 1 1 1 1 1 1 1 1  ##
 Range (MinRSS - MaxRSS) : -75 <-> -70 Median : -73.00
 LT : -74 RT : -72
MedBits (34) : 1 1 0 0 0 0 0 0 1 1 1 1 1 1 1 1 1 1 1 1 1 1 1 1 1 1 1 1 1 1 1 1 1 1  ##
20 : -74;-74;-73;-73;-75;-76;-75;-76;-76;-77;-78;-77;-77;-78;-77;-77;-77;-77;-78;-77;-78;-78;-77;-77;-77;-77;-77;-78;-77;-78;-78;-77;-77;-77;-77;-77;-77;-77;-77;-76;-77;-77;-77;-76;-77;-77;-77;-77;-77;-77;-77;-78;-78;-78;-77;-77;-74;-74;-74;-75;-75;-75;-75;-75;-75;-75;-75;-74;-73;-73;-73;-73;-73;-73;-73;-73;-74;-73;-73;-74;-73;-73;-73;-73;-73;-73;-73;-73;-73;-74;-74;-74;-74;-74;-74;-74;-74;-74;-74;-74;&&
  Avg : -75.45  Var : 322.75  Std Dev : 17.97 Comp Values L : -77 Upper : -74
AvgBits (32) : 1 1 0 0 0 0 0 0 0 0 0 0 0 1 1 1 1 1 1 1 1 1 1 1 1 1 1 1 1 1 1 1  ##
 Range (MinRSS - MaxRSS) : -78 <-> -73 Median : -75.50
 LT : -76 RT : -74
MedBits (66) : 1 1 0 0 0 0 0 0 0 0 0 0 0 0 0 0 0 0 0 0 0 0 0 0 0 0 0 0 0 0 0 0 0 0 0 0 0 0 0 0 0 0 0 0 0 0 0 1 1 1 1 1 1 1 1 1 1 1 1 1 1 1 1 1 1 1  ##
10 : -72;-72;-72;-72;-72;-72;-72;-72;-72;-72;-72;-72;-71;-71;-72;-72;-71;-71;-71;-72;-72;-72;-72;-71;-72;-73;-73;-73;-73;-74;-73;-74;-74;-74;-74;-74;-73;-74;-74;-74;-74;-73;-73;-73;-73;-73;-73;-73;-74;-73;-74;-74;-73;-74;-73;-73;-73;-73;-73;-74;-73;-73;-73;-73;-73;-73;-73;-73;-74;-73;-73;-73;-73;-74;-73;-73;-73;-74;-74;-74;-73;-73;-73;-73;-74;-74;-73;-73;-73;-74;-73;-73;-73;-73;-73;-74;-73;-73;-73;-73;&&
  Avg : -72.93  Var : 66.51  Std Dev : 8.16 Comp Values L : -73 Upper : -72
AvgBits (30) : 1 1 1 1 1 1 0 0 0 0 0 0 0 0 0 0 0 0 0 0 0 0 0 0 0 0 0 0 0 0  ##
 Range (MinRSS - MaxRSS) : -74 <-> -71 Median : -73.00
 LT : -73 RT : -72
MedBits (30) : 1 1 1 1 1 1 0 0 0 0 0 0 0 0 0 0 0 0 0 0 0 0 0 0 0 0 0 0 0 0  ##
20 : -74;-74;-74;-74;-74;-74;-74;-74;-74;-74;-74;-74;-74;-74;-74;-74;-74;-74;-74;-74;-74;-74;-74;-74;-74;-75;-75;-75;-76;-76;-76;-77;-76;-77;-77;-77;-76;-77;-77;-77;-77;-77;-76;-76;-76;-76;-77;-76;-76;-77;-76;-76;-76;-76;-76;-76;-76;-76;-76;-76;-76;-76;-76;-76;-76;-77;-76;-76;-76;-76;-76;-76;-77;-76;-76;-76;-76;-77;-77;-76;-76;-76;-77;-77;-77;-77;-76;-76;-77;-77;-76;-76;-76;-77;-76;-76;-76;-76;-76;-76;&&
  Avg : -75.69  Var : 115.39  Std Dev : 10.74 Comp Values L : -76 Upper : -75
AvgBits (47) : 1 1 1 1 1 1 1 1 1 1 1 1 1 1 1 1 1 1 1 1 1 1 1 1 1 0 0 0 0 0 0 0 0 0 0 0 0 0 0 0 0 0 0 0 0 0 0  ##
 Range (MinRSS - MaxRSS) : -77 <-> -74 Median : -76.00
 LT : -76 RT : -75
MedBits (47) : 1 1 1 1 1 1 1 1 1 1 1 1 1 1 1 1 1 1 1 1 1 1 1 1 1 0 0 0 0 0 0 0 0 0 0 0 0 0 0 0 0 0 0 0 0 0 0  ##
10 : -73;-73;-73;-73;-73;-73;-73;-73;-73;-73;-73;-73;-73;-73;-73;-73;-74;-73;-74;-74;-74;-74;-74;-75;-74;-74;-75;-75;-73;-72;-74;-73;-75;-76;-72;-87;-79;-75;-73;-77;-77;-72;-73;-75;-74;-74;-75;-74;-75;-76;-78;-74;-74;-75;-74;-74;-74;-73;-73;-73;-73;-73;-73;-75;-76;-75;-75;-75;-74;-74;-75;-76;-76;-75;-75;-75;-74;-75;-74;-72;-73;-72;-72;-72;-72;-71;-71;-70;-70;-70;-70;-70;-71;-70;-69;-69;-70;-69;-70;-70;&&
  Avg : -73.52  Var : 548.96  Std Dev : 23.43 Comp Values L : -75 Upper : -72
AvgBits (25) : 0 0 0 0 0 0 0 0 0 0 1 1 1 1 1 1 1 1 1 1 1 1 1 1 1  ##
 Range (MinRSS - MaxRSS) : -76 <-> -70 Median : -73.00
 LT : -74 RT : -72
MedBits (43) : 0 0 0 0 0 0 0 0 0 0 0 0 0 0 0 0 0 0 0 0 0 0 0 0 0 0 0 0 1 1 1 1 1 1 1 1 1 1 1 1 1 1 1  ##
20 : -76;-75;-76;-76;-76;-76;-75;-75;-76;-76;-76;-76;-76;-76;-76;-76;-76;-76;-76;-77;-77;-77;-77;-78;-77;-78;-78;-77;-77;-75;-77;-76;-78;-80;-75;-90;-83;-79;-75;-79;-82;-76;-74;-78;-77;-77;-79;-77;-78;-79;-82;-77;-77;-78;-77;-77;-76;-76;-76;-75;-76;-76;-77;-78;-79;-78;-79;-79;-78;-78;-78;-79;-80;-79;-78;-78;-78;-78;-77;-74;-75;-74;-74;-74;-74;-74;-73;-73;-73;-72;-73;-73;-73;-72;-72;-71;-72;-72;-72;-72;&&
  Avg : -76.44  Var : 718.64  Std Dev : 26.81 Comp Values L : -79 Upper : -75
AvgBits (27) : 0 0 0 0 1 0 0 1 1 1 1 1 1 1 1 1 1 1 1 1 1 1 1 1 1 1 1  ##
 Range (MinRSS - MaxRSS) : -80 <-> -72 Median : -76.00
 LT : -78 RT : -74
MedBits (29) : 0 0 0 0 0 0 0 0 0 0 0 0 0 0 0 1 1 1 1 1 1 1 1 1 1 1 1 1 1  ##
10 : -70;-70;-70;-70;-70;-70;-70;-70;-70;-70;-70;-70;-70;-70;-70;-70;-73;-78;-83;-83;-85;-81;-85;-79;-75;-75;-76;-76;-75;-75;-74;-74;-75;-80;-78;-78;-75;-75;-81;-77;-79;-83;-76;-77;-77;-79;-76;-75;-75;-75;-76;-73;-71;-72;-71;-71;-71;-72;-70;-69;-70;-70;-70;-70;-69;-70;-70;-71;-72;-71;-70;-69;-70;-74;-75;-79;-78;-74;-75;-73;-73;-75;-77;-74;-73;-73;-74;-76;-76;-79;-76;-74;-74;-76;-74;-74;-75;-77;-77;-79;&&
  Avg : -74.20  Var : 1480.00  Std Dev : 38.47 Comp Values L : -78 Upper : -72
AvgBits (48) : 1 1 1 1 1 1 1 1 1 1 1 1 1 1 1 1 0 0 0 0 0 0 0 0 0 0 0 1 1 1 1 1 1 1 1 1 1 1 1 1 1 1 1 1 1 0 0 0  ##
 Range (MinRSS - MaxRSS) : -81 <-> -70 Median : -74.00
 LT : -77 RT : -72
MedBits (52) : 1 1 1 1 1 1 1 1 1 1 1 1 1 1 1 1 0 0 0 0 0 0 0 0 0 0 0 0 0 0 1 1 1 1 1 1 1 1 1 1 1 1 1 1 1 1 1 1 0 0 0 0  ##
20 : -72;-72;-72;-72;-72;-73;-72;-72;-72;-73;-73;-73;-72;-72;-72;-73;-76;-81;-86;-86;-88;-85;-88;-83;-79;-79;-79;-79;-78;-78;-78;-78;-78;-83;-82;-81;-79;-79;-85;-81;-83;-87;-80;-82;-81;-83;-80;-79;-78;-78;-79;-76;-74;-74;-74;-73;-74;-74;-73;-72;-72;-72;-72;-72;-72;-72;-72;-73;-75;-73;-72;-72;-72;-77;-78;-83;-82;-77;-78;-76;-77;-78;-81;-78;-75;-76;-77;-79;-80;-83;-79;-77;-77;-79;-77;-77;-78;-82;-81;-82;&&
  Avg : -77.25  Var : 1896.75  Std Dev : 43.55 Comp Values L : -81 Upper : -75
AvgBits (54) : 1 1 1 1 1 1 1 1 1 1 1 1 1 1 1 1 0 0 0 0 0 0 0 0 0 0 0 0 0 1 1 1 1 1 1 1 1 1 1 1 1 1 1 1 1 1 1 1 1 0 0 0 0 0  ##
 Range (MinRSS - MaxRSS) : -85 <-> -72 Median : -77.50
 LT : -81 RT : -75
MedBits (54) : 1 1 1 1 1 1 1 1 1 1 1 1 1 1 1 1 0 0 0 0 0 0 0 0 0 0 0 0 0 1 1 1 1 1 1 1 1 1 1 1 1 1 1 1 1 1 1 1 1 0 0 0 0 0  ##
10 : -77;-78;-77;-78;-77;-76;-76;-76;-76;-76;-75;-75;-75;-75;-76;-75;-75;-74;-75;-75;-75;-76;-76;-75;-75;-75;-76;-76;-76;-76;-76;-76;-77;-77;-76;-76;-76;-76;-76;-77;-77;-77;-76;-76;-76;-75;-75;-75;-75;-75;-75;-76;-76;-75;-75;-75;-76;-76;-75;-75;-75;-75;-75;-75;-75;-75;-75;-76;-76;-76;-76;-76;-76;-76;-76;-77;-77;-78;-78;-78;-79;-78;-74;-75;-75;-74;-73;-73;-73;-73;-74;-75;-76;-75;-76;-76;-75;-74;-75;-74;&&
  Avg : -75.65  Var : 126.75  Std Dev : 11.26 Comp Values L : -76 Upper : -75
AvgBits (27) : 0 0 0 0 0 1 0 0 0 0 0 0 0 0 0 0 0 0 1 1 1 1 1 1 1 1 1  ##
 Range (MinRSS - MaxRSS) : -78 <-> -74 Median : -76.00
 LT : -77 RT : -75
MedBits (17) : 0 0 1 0 0 0 0 0 1 1 1 1 1 1 1 1 1  ##
20 : -80;-82;-81;-81;-81;-79;-80;-79;-79;-79;-78;-78;-78;-78;-79;-79;-78;-78;-78;-78;-79;-79;-79;-78;-78;-78;-79;-79;-79;-79;-79;-80;-80;-81;-79;-79;-79;-79;-80;-80;-80;-80;-80;-80;-79;-79;-79;-78;-78;-78;-78;-79;-79;-78;-78;-79;-79;-79;-79;-78;-77;-78;-78;-78;-78;-79;-79;-79;-80;-80;-80;-80;-80;-79;-80;-82;-81;-82;-82;-82;-82;-82;-77;-78;-78;-77;-76;-75;-75;-76;-77;-79;-79;-79;-79;-79;-78;-77;-78;-77;&&
  Avg : -78.95  Var : 198.75  Std Dev : 14.10 Comp Values L : -80 Upper : -78
AvgBits (22) : 0 0 0 0 0 1 0 0 0 0 0 0 0 1 1 1 1 1 1 1 1 1  ##
 Range (MinRSS - MaxRSS) : -82 <-> -77 Median : -79.00
 LT : -80 RT : -78
MedBits (22) : 0 0 0 0 0 1 0 0 0 0 0 0 0 1 1 1 1 1 1 1 1 1  ##
10 : -74;-74;-74;-72;-73;-74;-75;-74;-74;-84;-80;-76;-75;-79;-78;-79;-78;-74;-74;-73;-72;-73;-73;-74;-73;-75;-74;-74;-75;-75;-74;-72;-76;-74;-75;-73;-73;-74;-74;-73;-73;-73;-73;-73;-73;-74;-73;-74;-74;-73;-74;-74;-73;-73;-73;-73;-74;-73;-73;-73;-73;-74;-73;-73;-73;-70;-70;-69;-69;-69;-69;-70;-69;-70;-70;-70;-70;-70;-70;-70;-70;-70;-70;-69;-70;-70;-71;-71;-70;-70;-70;-70;-70;-71;-70;-70;-71;-71;-70;-71;&&
  Avg : -72.72  Var : 678.16  Std Dev : 26.04 Comp Values L : -75 Upper : -71
AvgBits (37) : 0 0 0 0 0 0 0 0 1 1 1 1 1 1 1 1 1 1 1 1 1 1 1 1 1 1 1 1 1 1 1 1 1 1 1 1 1  ##
 Range (MinRSS - MaxRSS) : -78 <-> -69 Median : -73.00
 LT : -75 RT : -71
MedBits (37) : 0 0 0 0 0 0 0 0 1 1 1 1 1 1 1 1 1 1 1 1 1 1 1 1 1 1 1 1 1 1 1 1 1 1 1 1 1  ##
20 : -76;-76;-77;-74;-76;-77;-77;-78;-77;-86;-84;-80;-78;-82;-82;-84;-82;-77;-77;-77;-75;-75;-76;-77;-76;-78;-77;-78;-79;-78;-78;-74;-79;-77;-79;-76;-75;-77;-77;-76;-76;-76;-77;-76;-76;-76;-76;-76;-77;-76;-77;-77;-76;-76;-76;-76;-76;-75;-75;-75;-76;-76;-76;-76;-76;-72;-72;-72;-71;-72;-72;-73;-72;-73;-73;-72;-72;-73;-73;-72;-72;-73;-72;-72;-72;-73;-74;-73;-73;-73;-72;-73;-72;-73;-73;-73;-74;-74;-73;-74;&&
  Avg : -75.57  Var : 830.51  Std Dev : 28.82 Comp Values L : -78 Upper : -74
AvgBits (41) : 0 0 0 0 0 0 0 0 0 0 1 1 1 1 1 1 1 1 1 1 1 1 1 1 1 1 1 1 1 1 1 1 1 1 1 1 1 1 1 1 1  ##
 Range (MinRSS - MaxRSS) : -82 <-> -72 Median : -76.00
 LT : -79 RT : -74
MedBits (38) : 0 0 0 0 0 0 0 1 1 1 1 1 1 1 1 1 1 1 1 1 1 1 1 1 1 1 1 1 1 1 1 1 1 1 1 1 1 1  ##
10 : -70;-70;-71;-71;-71;-71;-71;-71;-72;-72;-71;-71;-70;-70;-71;-72;-71;-71;-71;-71;-72;-72;-71;-70;-70;-70;-72;-72;-72;-72;-71;-71;-71;-71;-72;-72;-71;-71;-71;-71;-70;-70;-70;-70;-71;-72;-72;-71;-71;-70;-70;-71;-71;-71;-70;-71;-71;-70;-71;-71;-71;-71;-71;-70;-70;-70;-70;-71;-71;-71;-71;-71;-70;-74;-75;-76;-82;-82;-82;-83;-82;-84;-83;-84;-83;-84;-84;-84;-83;-83;-77;-78;-77;-77;-77;-77;-77;-78;-78;-78;&&
  Avg : -73.38  Var : 1977.56  Std Dev : 44.47 Comp Values L : -77 Upper : -71
AvgBits (38) : 1 1 1 1 1 1 1 1 1 1 1 1 1 1 1 1 1 1 1 1 0 0 0 0 0 0 0 0 0 0 0 0 0 0 0 0 0 0  ##
 Range (MinRSS - MaxRSS) : -83 <-> -70 Median : -71.00
 LT : -77 RT : -71
MedBits (38) : 1 1 1 1 1 1 1 1 1 1 1 1 1 1 1 1 1 1 1 1 0 0 0 0 0 0 0 0 0 0 0 0 0 0 0 0 0 0  ##
20 : -73;-73;-73;-74;-73;-73;-73;-74;-74;-74;-74;-73;-73;-73;-74;-75;-74;-74;-74;-74;-75;-75;-74;-73;-72;-73;-75;-75;-75;-75;-74;-74;-74;-74;-74;-75;-74;-74;-74;-73;-73;-72;-73;-73;-74;-75;-74;-74;-74;-73;-72;-74;-74;-74;-73;-73;-73;-72;-73;-73;-74;-73;-73;-73;-73;-73;-73;-73;-73;-73;-73;-74;-73;-77;-79;-80;-86;-86;-85;-86;-86;-86;-86;-88;-87;-87;-87;-87;-87;-87;-81;-82;-81;-81;-82;-81;-81;-82;-82;-82;&&
  Avg : -76.33  Var : 2344.11  Std Dev : 48.42 Comp Values L : -81 Upper : -73
AvgBits (23) : 1 1 1 1 0 0 0 0 0 0 0 0 0 0 0 0 0 0 0 0 0 0 0  ##
 Range (MinRSS - MaxRSS) : -87 <-> -73 Median : -74.00
 LT : -80 RT : -74
MedBits (60) : 1 1 1 1 1 1 1 1 1 1 1 1 1 1 1 1 1 1 1 1 1 1 1 1 1 1 1 1 1 1 1 1 1 1 1 1 0 0 0 0 0 0 0 0 0 0 0 0 0 0 0 0 0 0 0 0 0 0 0 0  ##
10 : -78;-78;-79;-77;-76;-76;-76;-76;-77;-77;-77;-76;-77;-76;-75;-76;-77;-78;-78;-77;-76;-76;-78;-78;-77;-77;-77;-77;-77;-77;-78;-78;-78;-78;-78;-80;-80;-80;-79;-77;-76;-76;-76;-76;-75;-75;-75;-76;-75;-76;-76;-76;-76;-76;-76;-76;-77;-76;-75;-75;-75;-75;-75;-75;-75;-75;-75;-76;-75;-75;-75;-75;-75;-75;-75;-75;-75;-75;-74;-75;-75;-75;-74;-74;-75;-75;-74;-75;-75;-75;-75;-75;-75;-75;-75;-75;-75;-75;-75;-74;&&
  Avg : -76.04  Var : 185.84  Std Dev : 13.63 Comp Values L : -77 Upper : -75
AvgBits (21) : 0 0 0 0 0 0 0 0 0 0 0 0 0 0 0 0 1 1 1 1 1  ##
 Range (MinRSS - MaxRSS) : -78 <-> -75 Median : -76.00
 LT : -77 RT : -76
MedBits (62) : 0 0 0 1 0 0 0 0 0 0 0 0 0 0 0 0 0 1 1 1 1 1 1 1 1 1 1 1 1 1 1 1 1 1 1 1 1 1 1 1 1 1 1 1 1 1 1 1 1 1 1 1 1 1 1 1 1 1 1 1 1 1  ##
20 : -82;-82;-82;-81;-80;-79;-80;-80;-81;-81;-81;-80;-80;-80;-79;-79;-81;-82;-82;-81;-80;-81;-82;-82;-81;-81;-80;-81;-81;-81;-82;-82;-82;-82;-83;-84;-84;-85;-84;-82;-79;-80;-79;-79;-80;-80;-79;-79;-79;-80;-80;-79;-79;-80;-79;-80;-80;-80;-79;-78;-78;-78;-78;-79;-79;-79;-79;-79;-79;-79;-79;-78;-78;-79;-79;-78;-78;-78;-78;-78;-78;-78;-78;-78;-78;-78;-78;-78;-78;-78;-79;-79;-79;-78;-78;-78;-77;-78;-78;-77;&&
  Avg : -79.72  Var : 282.16  Std Dev : 16.80 Comp Values L : -81 Upper : -78
AvgBits (19) : 0 0 0 0 0 0 0 0 0 0 0 0 0 0 0 0 0 1 1  ##
 Range (MinRSS - MaxRSS) : -82 <-> -78 Median : -79.00
 LT : -80 RT : -79
MedBits (57) : 0 0 0 0 0 0 0 0 0 0 0 0 0 0 0 0 0 0 0 0 0 0 0 0 0 0 0 0 0 1 1 1 1 1 1 1 1 1 1 1 1 1 1 1 1 1 1 1 1 1 1 1 1 1 1 1 1  ##
10 : -78;-78;-78;-77;-74;-74;-73;-75;-74;-74;-75;-75;-79;-83;-82;-77;-69;-69;-69;-69;-69;-69;-69;-69;-69;-70;-69;-69;-70;-69;-69;-69;-70;-70;-70;-69;-69;-69;-69;-70;-69;-69;-70;-71;-71;-70;-69;-70;-70;-69;-70;-70;-70;-70;-70;-70;-70;-70;-70;-70;-70;-70;-70;-71;-70;-70;-70;-69;-69;-70;-70;-70;-70;-71;-72;-71;-71;-70;-70;-70;-70;-69;-69;-69;-69;-69;-69;-69;-69;-68;-69;-70;-70;-70;-69;-69;-69;-69;-70;-69;&&
  Avg : -70.74  Var : 829.24  Std Dev : 28.80 Comp Values L : -73 Upper : -69
AvgBits (16) : 0 0 0 0 0 0 0 0 0 0 0 0 0 0 0 1  ##
 Range (MinRSS - MaxRSS) : -78 <-> -69 Median : -70.00
 LT : -74 RT : -70
MedBits (50) : 0 0 0 0 0 0 0 0 0 0 0 1 1 1 1 1 1 1 1 1 1 1 1 1 1 1 1 1 1 1 1 1 1 1 1 1 1 1 1 1 1 1 1 1 1 1 1 1 1 1  ##
20 : -82;-81;-82;-81;-77;-78;-76;-78;-77;-76;-77;-78;-83;-85;-86;-81;-72;-71;-71;-71;-70;-71;-72;-71;-72;-72;-71;-72;-72;-71;-72;-71;-73;-72;-72;-71;-71;-71;-71;-72;-72;-71;-72;-74;-73;-73;-72;-73;-73;-72;-72;-73;-72;-72;-72;-73;-73;-73;-73;-73;-73;-73;-72;-73;-73;-72;-72;-72;-72;-72;-72;-73;-73;-73;-75;-73;-74;-73;-73;-72;-72;-72;-71;-71;-71;-71;-70;-70;-70;-70;-71;-72;-72;-72;-72;-71;-72;-72;-72;-72;&&
  Avg : -73.25  Var : 1064.75  Std Dev : 32.63 Comp Values L : -76 Upper : -71
AvgBits (19) : 0 0 0 0 0 0 0 0 0 0 0 0 0 0 1 1 1 1 1  ##
 Range (MinRSS - MaxRSS) : -81 <-> -71 Median : -72.00
 LT : -76 RT : -72
MedBits (38) : 0 0 0 0 0 0 0 0 0 0 0 0 0 0 1 1 1 1 1 1 1 1 1 1 1 1 1 1 1 1 1 1 1 1 1 1 1 1  ##
10 : -69;-69;-70;-69;-69;-69;-70;-70;-70;-69;-69;-69;-70;-72;-70;-72;-75;-75;-74;-73;-71;-74;-72;-70;-80;-72;-74;-74;-74;-74;-72;-81;-71;-75;-83;-73;-72;-67;-71;-78;-83;-73;-70;-69;-69;-77;-69;-71;-71;-83;-84;-73;-70;-83;-77;-77;-79;-70;-76;-76;-69;-69;-69;-69;-77;-80;-81;-81;-70;-69;-69;-71;-82;-79;-91;-73;-69;-70;-72;-73;-81;-76;-74;-74;-72;-76;-76;-75;-72;-72;-80;-75;-72;-72;-87;-72;-79;-75;-76;-79;&&
  Avg : -73.89  Var : 2233.79  Std Dev : 47.26 Comp Values L : -78 Upper : -71
AvgBits (50) : 1 1 1 1 1 1 1 1 1 1 1 1 1 1 1 0 0 0 1 0 1 1 1 1 0 0 1 0 0 1 1 1 1 1 0 0 0 1 1 1 0 0 0 1 1 0 0 0 0 0  ##
 Range (MinRSS - MaxRSS) : -83 <-> -69 Median : -72.50
 LT : -77 RT : -71
MedBits (51) : 1 1 1 1 1 1 1 1 1 1 1 1 1 1 1 0 0 0 1 0 0 1 1 1 1 0 0 1 0 0 1 1 1 1 1 0 0 0 1 1 1 0 0 0 1 1 0 0 0 0 0  ##
20 : -71;-71;-72;-72;-72;-72;-72;-73;-73;-72;-72;-72;-73;-74;-73;-75;-77;-76;-80;-76;-74;-77;-75;-72;-83;-76;-77;-76;-78;-81;-74;-89;-74;-79;-86;-75;-75;-69;-72;-83;-84;-77;-73;-70;-71;-79;-72;-74;-74;-84;-86;-76;-73;-81;-82;-80;-85;-73;-81;-79;-72;-71;-71;-71;-78;-80;-81;-79;-73;-71;-71;-73;-83;-80;-83;-77;-71;-73;-75;-77;-84;-86;-81;-78;-75;-79;-79;-78;-74;-74;-85;-77;-74;-76;-91;-73;-86;-82;-82;-84;&&
  Avg : -76.75  Var : 2368.75  Std Dev : 48.67 Comp Values L : -81 Upper : -74
AvgBits (53) : 1 1 1 1 1 1 1 1 1 1 1 1 1 1 1 0 0 0 1 1 0 0 1 1 1 1 0 0 1 0 0 1 1 1 1 1 1 1 1 1 0 0 1 1 0 0 0 0 1 0 0 0 0  ##
 Range (MinRSS - MaxRSS) : -86 <-> -71 Median : -76.00
 LT : -81 RT : -74
MedBits (53) : 1 1 1 1 1 1 1 1 1 1 1 1 1 1 1 0 0 0 1 1 0 0 1 1 1 1 0 0 1 0 0 1 1 1 1 1 1 1 1 1 0 0 1 1 0 0 0 0 1 0 0 0 0  ##
10 : -74;-70;-69;-68;-72;-72;-73;-69;-70;-73;-74;-74;-74;-70;-71;-69;-69;-77;-76;-74;-79;-71;-69;-70;-78;-75;-72;-69;-69;-69;-75;-77;-78;-72;-70;-70;-80;-76;-77;-90;-70;-69;-81;-75;-76;-75;-77;-70;-69;-72;-77;-74;-74;-70;-70;-70;-69;-71;-79;-78;-73;-69;-70;-69;-82;-82;-74;-72;-70;-69;-77;-74;-77;-75;-71;-72;-72;-74;-72;-76;-81;-76;-70;-71;-80;-75;-76;-78;-78;-70;-70;-81;-82;-72;-72;-71;-71;-70;-73;-76;&&
  Avg : -73.53  Var : 1640.91  Std Dev : 40.51 Comp Values L : -77 Upper : -71
AvgBits (48) : 1 1 1 1 1 1 1 1 0 1 1 0 1 1 1 0 1 1 0 0 1 1 0 1 1 1 1 1 1 0 0 1 1 1 0 0 1 1 0 1 0 0 0 1 1 0 0 1  ##
 Range (MinRSS - MaxRSS) : -81 <-> -69 Median : -72.50
 LT : -76 RT : -71
MedBits (55) : 1 1 1 1 1 1 1 1 0 0 1 1 0 1 1 1 0 0 1 1 0 0 0 1 1 0 0 1 1 0 1 1 1 1 0 0 1 1 1 0 0 1 1 0 0 0 1 0 0 0 1 1 0 0 1  ##
20 : -79;-72;-71;-70;-75;-74;-78;-72;-73;-76;-79;-77;-80;-73;-73;-71;-71;-81;-80;-77;-82;-73;-71;-72;-86;-79;-74;-71;-71;-71;-79;-81;-84;-76;-73;-72;-80;-81;-77;-86;-74;-71;-85;-83;-81;-77;-82;-72;-71;-74;-79;-77;-78;-72;-72;-72;-71;-73;-83;-79;-78;-72;-73;-71;-87;-84;-78;-74;-72;-71;-79;-76;-81;-78;-72;-74;-73;-77;-74;-77;-86;-81;-72;-73;-79;-83;-79;-81;-80;-73;-72;-86;-88;-77;-74;-73;-74;-72;-76;-78;&&
  Avg : -76.45  Var : 2120.75  Std Dev : 46.05 Comp Values L : -81 Upper : -74
AvgBits (52) : 1 1 1 1 1 1 1 1 1 0 1 1 1 0 1 1 1 0 1 1 0 1 0 0 0 1 1 1 1 1 1 1 0 1 1 1 0 0 1 1 1 1 0 1 1 0 1 1 0 0 1 1  ##
 Range (MinRSS - MaxRSS) : -86 <-> -71 Median : -76.00
 LT : -81 RT : -74
MedBits (52) : 1 1 1 1 1 1 1 1 1 0 1 1 1 0 1 1 1 0 1 1 0 1 0 0 0 1 1 1 1 1 1 1 0 1 1 1 0 0 1 1 1 1 0 1 1 0 1 1 0 0 1 1  ##
10 : -71;-76;-74;-76;-71;-71;-70;-76;-75;-74;-70;-70;-73;-75;-81;-74;-72;-70;-70;-77;-83;-76;-75;-77;-71;-70;-70;-69;-72;-69;-85;-78;-75;-71;-70;-78;-85;-87;-74;-85;-70;-70;-72;-73;-70;-69;-70;-87;-73;-73;-73;-70;-70;-72;-71;-72;-74;-75;-73;-83;-70;-70;-70;-85;-75;-77;-78;-71;-70;-70;-74;-72;-73;-77;-85;-83;-81;-77;-87;-74;-71;-76;-74;-77;-85;-71;-72;-83;-73;-77;-76;-74;-71;-73;-71;-71;-74;-73;-76;-74;&&
  Avg : -74.57  Var : 2292.51  Std Dev : 47.88 Comp Values L : -79 Upper : -72
AvgBits (49) : 1 1 1 1 1 1 0 1 1 0 1 1 1 1 1 0 1 1 0 0 0 1 1 1 1 1 0 1 1 1 0 1 1 1 0 1 1 1 0 0 0 0 1 0 1 0 1 1 1  ##
 Range (MinRSS - MaxRSS) : -85 <-> -70 Median : -73.00
 LT : -79 RT : -72
MedBits (49) : 1 1 1 1 1 1 0 1 1 0 1 1 1 1 1 0 1 1 0 0 0 1 1 1 1 1 0 1 1 1 0 1 1 1 0 1 1 1 0 0 0 0 1 0 1 0 1 1 1  ##
20 : -76;-80;-76;-79;-74;-74;-72;-79;-79;-77;-73;-72;-75;-78;-84;-76;-76;-73;-72;-78;-90;-79;-79;-81;-73;-72;-73;-72;-74;-71;-82;-79;-77;-73;-73;-82;-88;-85;-76;-86;-72;-74;-75;-78;-73;-72;-72;-87;-76;-77;-76;-73;-73;-74;-74;-74;-77;-78;-76;-84;-73;-73;-73;-87;-78;-80;-82;-73;-72;-72;-77;-75;-76;-81;-88;-85;-87;-78;-87;-76;-73;-77;-77;-80;-85;-73;-75;-87;-79;-83;-80;-79;-74;-77;-74;-74;-77;-76;-81;-78;&&
  Avg : -77.35  Var : 2146.75  Std Dev : 46.33 Comp Values L : -81 Upper : -75
AvgBits (54) : 1 1 1 1 1 0 1 1 0 1 1 1 1 1 1 0 1 1 0 0 0 0 1 1 1 1 1 0 1 1 1 1 1 0 1 1 1 0 0 1 1 1 0 0 0 0 1 0 1 0 0 1 1 1  ##
 Range (MinRSS - MaxRSS) : -87 <-> -72 Median : -76.00
 LT : -81 RT : -74
MedBits (44) : 1 1 1 0 1 1 0 1 1 1 1 1 0 1 1 0 0 0 0 1 1 1 1 0 1 1 0 1 1 1 0 0 1 1 1 0 0 0 0 1 0 1 0 0  ##
10 : -79;-71;-70;-72;-75;-70;-76;-72;-75;-69;-70;-71;-82;-77;-72;-83;-71;-74;-86;-79;-75;-77;-79;-72;-75;-73;-74;-74;-73;-70;-70;-75;-74;-73;-73;-71;-71;-78;-72;-74;-75;-82;-79;-76;-74;-77;-73;-72;-76;-70;-70;-70;-71;-78;-77;-74;-74;-71;-70;-75;-73;-74;-75;-74;-71;-70;-82;-72;-76;-71;-70;-71;-72;-73;-73;-76;-70;-70;-86;-74;-70;-76;-78;-76;-72;-76;-71;-73;-74;-75;-73;-71;-70;-76;-74;-77;-74;-81;-71;-70;&&
  Avg : -74.02  Var : 1291.96  Std Dev : 35.94 Comp Values L : -77 Upper : -72
AvgBits (44) : 0 1 1 1 1 1 1 0 0 1 0 0 0 1 1 1 1 0 0 0 1 1 1 1 0 1 1 1 1 0 1 1 1 1 1 0 1 0 1 1 1 0 1 1  ##
 Range (MinRSS - MaxRSS) : -82 <-> -70 Median : -74.00
 LT : -78 RT : -72
MedBits (41) : 0 1 1 1 1 1 1 0 0 1 0 0 0 1 1 1 1 0 0 1 1 1 1 1 1 1 1 0 1 1 1 1 1 0 1 1 1 1 0 1 1  ##
20 : -81;-74;-72;-76;-79;-72;-80;-75;-82;-72;-72;-74;-84;-84;-77;-82;-73;-78;-85;-82;-78;-82;-79;-76;-79;-76;-76;-77;-75;-73;-74;-77;-78;-77;-76;-73;-75;-82;-75;-79;-80;-82;-81;-78;-77;-80;-77;-75;-77;-72;-72;-73;-73;-91;-79;-79;-80;-74;-73;-77;-79;-75;-77;-78;-74;-73;-82;-74;-77;-73;-72;-73;-74;-74;-76;-77;-73;-73;-89;-76;-72;-81;-84;-79;-74;-81;-73;-75;-77;-80;-74;-74;-72;-78;-75;-80;-77;-83;-73;-73;&&
  Avg : -76.95  Var : 1504.75  Std Dev : 38.79 Comp Values L : -80 Upper : -75
AvgBits (52) : 0 1 1 1 0 1 1 1 0 0 0 1 0 0 0 1 1 1 0 0 0 1 1 1 1 0 1 1 1 1 0 1 1 1 1 1 1 1 1 0 1 0 0 1 0 1 1 1 1 0 1 1  ##
 Range (MinRSS - MaxRSS) : -84 <-> -72 Median : -77.00
 LT : -80 RT : -75
MedBits (52) : 0 1 1 1 0 1 1 1 0 0 0 1 0 0 0 1 1 1 0 0 0 1 1 1 1 0 1 1 1 1 0 1 1 1 1 1 1 1 1 0 1 0 0 1 0 1 1 1 1 0 1 1  ##
10 : -71;-70;-78;-79;-74;-77;-70;-71;-72;-74;-73;-75;-72;-72;-81;-73;-79;-74;-73;-76;-75;-72;-71;-78;-71;-80;-79;-75;-70;-70;-75;-71;-77;-72;-71;-72;-73;-76;-76;-69;-72;-74;-73;-79;-76;-81;-70;-73;-70;-69;-73;-76;-69;-70;-71;-73;-77;-70;-74;-74;-72;-75;-72;-70;-70;-75;-75;-72;-71;-69;-69;-69;-74;-74;-72;-72;-69;-74;-71;-74;-75;-73;-69;-69;-70;-69;-73;-74;-72;-69;-69;-77;-73;-79;-74;-73;-69;-69;-70;-81;&&
  Avg : -73.07  Var : 1004.51  Std Dev : 31.69 Comp Values L : -76 Upper : -71
AvgBits (41) : 1 0 0 0 1 0 0 0 0 0 1 1 0 1 0 0 1 1 1 1 1 0 1 1 1 1 1 1 1 1 1 1 1 1 1 0 0 1 1 1 0  ##
 Range (MinRSS - MaxRSS) : -79 <-> -69 Median : -73.00
 LT : -76 RT : -71
MedBits (41) : 1 0 0 0 1 0 0 0 0 0 1 1 0 1 0 0 1 1 1 1 1 0 1 1 1 1 1 1 1 1 1 1 1 1 1 0 0 1 1 1 0  ##
20 : -74;-72;-82;-84;-77;-80;-72;-73;-76;-77;-77;-78;-75;-74;-83;-75;-81;-77;-77;-80;-78;-74;-73;-83;-74;-80;-81;-79;-73;-73;-79;-74;-77;-75;-73;-76;-74;-80;-80;-72;-74;-76;-78;-87;-80;-87;-73;-75;-73;-72;-77;-78;-72;-72;-73;-76;-78;-72;-77;-79;-74;-77;-74;-72;-72;-77;-79;-74;-74;-72;-71;-71;-75;-75;-75;-74;-71;-77;-76;-77;-76;-80;-71;-71;-73;-73;-75;-78;-77;-71;-71;-81;-74;-81;-77;-75;-71;-70;-73;-82;&&
  Avg : -75.88  Var : 1316.56  Std Dev : 36.28 Comp Values L : -79 Upper : -74
AvgBits (48) : 1 0 0 0 1 1 0 0 0 1 0 0 0 1 1 1 0 0 1 0 0 0 1 1 1 1 1 1 1 1 1 1 1 1 1 0 1 1 1 1 1 1 0 0 1 1 1 0  ##
 Range (MinRSS - MaxRSS) : -82 <-> -71 Median : -75.00
 LT : -78 RT : -73
MedBits (41) : 1 0 0 0 1 0 0 0 0 0 0 0 0 0 0 1 0 0 0 1 1 1 1 0 1 1 0 1 1 1 1 0 1 1 1 1 0 0 1 1 0  ##
10 : -73;-75;-74;-82;-69;-69;-69;-73;-75;-69;-68;-68;-74;-84;-77;-69;-68;-78;-81;-74;-75;-72;-69;-69;-78;-80;-72;-71;-73;-74;-72;-77;-73;-74;-69;-68;-70;-78;-74;-72;-71;-69;-69;-74;-74;-74;-74;-78;-71;-69;-75;-75;-74;-69;-69;-68;-70;-73;-77;-71;-69;-69;-76;-74;-70;-75;-74;-75;-69;-69;-69;-73;-73;-75;-75;-75;-71;-69;-69;-72;-73;-71;-69;-70;-73;-78;-73;-70;-70;-73;-76;-74;-69;-69;-73;-75;-75;-74;-70;-69;&&
  Avg : -72.58  Var : 1152.36  Std Dev : 33.95 Comp Values L : -75 Upper : -70
AvgBits (43) : 0 1 1 1 1 1 1 0 0 1 1 0 0 1 1 0 0 0 1 1 0 1 1 0 1 1 1 1 0 1 1 0 1 1 1 1 1 1 0 0 1 1 1  ##
 Range (MinRSS - MaxRSS) : -78 <-> -69 Median : -73.00
 LT : -75 RT : -71
MedBits (50) : 0 1 1 1 1 1 1 0 0 1 1 0 0 1 1 0 0 0 1 1 1 0 1 1 0 1 1 1 1 1 0 1 1 0 1 1 1 1 1 1 1 1 0 1 1 0 1 1 1 1  ##
20 : -77;-77;-79;-86;-72;-71;-71;-79;-79;-71;-70;-70;-76;-90;-82;-71;-70;-85;-86;-76;-81;-75;-71;-71;-80;-80;-74;-74;-75;-77;-76;-79;-77;-76;-71;-70;-72;-80;-77;-75;-75;-71;-71;-78;-77;-76;-80;-79;-74;-71;-78;-76;-78;-72;-70;-71;-72;-75;-79;-73;-71;-71;-82;-77;-72;-78;-76;-79;-71;-71;-71;-79;-81;-81;-76;-81;-74;-71;-71;-74;-75;-74;-72;-72;-77;-81;-77;-72;-73;-76;-78;-80;-71;-71;-77;-78;-80;-75;-72;-71;&&
  Avg : -75.54  Var : 1752.84  Std Dev : 41.87 Comp Values L : -79 Upper : -73
AvgBits (52) : 0 1 1 1 1 1 1 0 0 1 1 0 0 0 1 1 0 0 1 1 1 0 1 1 0 1 1 1 1 1 1 1 0 1 1 1 1 0 0 0 1 1 1 1 0 1 0 1 1 0 1 1  ##
 Range (MinRSS - MaxRSS) : -82 <-> -71 Median : -75.50
 LT : -78 RT : -73
MedBits (60) : 0 0 1 1 1 0 0 1 1 1 0 0 1 1 0 0 0 1 1 0 0 0 1 1 1 0 1 1 0 0 1 1 1 1 1 0 1 1 0 1 0 1 1 1 0 0 0 0 1 1 1 1 0 1 0 1 1 0 1 1  ##
10 : -69;-69;-71;-78;-77;-72;-75;-75;-69;-69;-72;-76;-81;-72;-71;-76;-77;-79;-72;-69;-69;-70;-77;-72;-75;-79;-69;-69;-72;-73;-75;-82;-70;-69;-74;-73;-76;-77;-71;-70;-80;-80;-78;-76;-72;-69;-70;-72;-74;-77;-74;-70;-69;-68;-76;-73;-75;-82;-69;-69;-69;-72;-71;-78;-74;-76;-77;-72;-82;-75;-78;-81;-74;-71;-78;-74;-81;-72;-72;-73;-72;-72;-78;-78;-70;-85;-76;-75;-75;-76;-74;-71;-78;-78;-76;-86;-73;-72;-71;-73;&&
  Avg : -74.13  Var : 1577.31  Std Dev : 39.72 Comp Values L : -78 Upper : -72
AvgBits (40) : 1 1 1 1 1 0 1 0 1 1 1 0 1 1 0 1 1 1 1 0 0 1 1 1 1 1 0 1 1 1 1 0 0 1 0 1 0 1 0 1  ##
 Range (MinRSS - MaxRSS) : -81 <-> -69 Median : -74.00
 LT : -77 RT : -72
MedBits (49) : 1 1 1 0 1 1 0 1 0 1 1 1 0 1 1 0 1 1 1 1 0 0 0 1 1 1 1 1 0 1 1 1 1 0 0 0 0 1 0 0 0 0 1 0 1 0 0 0 1  ##
20 : -71;-71;-73;-81;-83;-74;-80;-78;-71;-72;-76;-83;-79;-75;-74;-79;-84;-82;-74;-72;-71;-71;-78;-77;-78;-83;-71;-70;-74;-76;-77;-85;-72;-71;-81;-75;-77;-80;-74;-73;-80;-82;-82;-77;-75;-72;-72;-75;-78;-80;-77;-72;-71;-70;-76;-78;-83;-84;-72;-71;-72;-74;-73;-82;-78;-81;-79;-75;-82;-80;-81;-85;-79;-74;-79;-76;-84;-74;-75;-75;-74;-75;-83;-80;-73;-83;-81;-79;-79;-79;-76;-74;-86;-81;-79;-85;-77;-74;-74;-76;&&
  Avg : -76.99  Var : 1784.99  Std Dev : 42.25 Comp Values L : -81 Upper : -74
AvgBits (41) : 1 1 1 0 1 1 0 0 0 1 1 1 0 1 1 0 1 1 1 0 0 1 1 1 1 1 0 0 1 1 1 1 0 0 0 0 0 1 0 0 0  ##
 Range (MinRSS - MaxRSS) : -84 <-> -71 Median : -77.00
 LT : -80 RT : -74
MedBits (47) : 1 1 1 0 0 1 1 0 0 0 1 1 1 0 1 1 0 1 1 0 1 0 0 1 1 1 1 1 0 0 1 1 1 1 0 0 0 0 0 0 0 1 0 0 0 0 0  ##
10 : -70;-71;-72;-70;-72;-80;-74;-79;-85;-71;-70;-73;-76;-77;-74;-75;-72;-78;-72;-71;-71;-77;-77;-76;-75;-81;-74;-72;-70;-73;-86;-76;-72;-70;-79;-74;-77;-80;-71;-82;-81;-79;-82;-74;-70;-71;-74;-71;-70;-70;-82;-78;-81;-71;-70;-70;-69;-76;-77;-79;-80;-72;-70;-72;-71;-75;-73;-74;-77;-76;-70;-82;-73;-79;-75;-70;-72;-77;-79;-75;-84;-70;-70;-79;-73;-76;-80;-74;-70;-69;-78;-77;-77;-75;-83;-77;-78;-75;-83;-70;&&
  Avg : -75.00  Var : 1778.00  Std Dev : 42.17 Comp Values L : -79 Upper : -72
AvgBits (44) : 1 1 1 0 0 1 1 1 1 0 1 0 1 0 1 0 0 0 1 1 1 1 1 0 0 1 1 1 1 0 1 1 1 0 1 0 1 1 0 1 1 0 0 1  ##
 Range (MinRSS - MaxRSS) : -82 <-> -70 Median : -74.50
 LT : -78 RT : -72
MedBits (51) : 1 1 1 0 0 0 1 1 1 1 0 1 0 1 0 0 1 0 0 0 0 1 1 1 1 1 0 0 1 1 1 1 0 0 1 1 1 0 0 1 0 0 1 1 0 0 1 1 0 0 1  ##
20 : -72;-74;-74;-74;-74;-85;-77;-81;-83;-73;-72;-74;-82;-83;-77;-78;-75;-80;-76;-73;-74;-88;-81;-83;-77;-82;-77;-74;-72;-74;-86;-82;-74;-72;-81;-78;-80;-81;-74;-83;-88;-82;-86;-76;-72;-73;-79;-75;-72;-72;-82;-83;-85;-75;-73;-73;-72;-77;-80;-82;-82;-76;-73;-74;-74;-77;-75;-77;-84;-79;-73;-81;-76;-83;-85;-73;-74;-81;-86;-79;-89;-73;-72;-81;-77;-80;-83;-78;-73;-71;-82;-79;-80;-81;-86;-83;-83;-77;-84;-73;&&
  Avg : -78.14  Var : 2160.04  Std Dev : 46.48 Comp Values L : -82 Upper : -75
AvgBits (55) : 1 1 1 1 1 0 0 1 1 1 0 1 1 0 0 1 1 1 0 1 1 1 0 0 0 1 1 1 1 0 0 1 1 1 1 1 1 0 1 0 0 1 1 0 0 1 1 0 1 1 0 0 0 0 1  ##
 Range (MinRSS - MaxRSS) : -86 <-> -72 Median : -77.00
 LT : -81 RT : -75
MedBits (63) : 1 1 1 1 1 0 0 1 1 1 0 0 1 1 0 0 0 1 1 1 0 0 1 1 1 0 0 0 0 1 1 1 1 0 0 0 1 1 1 0 0 1 1 1 0 1 0 0 1 1 0 0 1 1 0 1 1 0 0 0 0 0 1  ##
10 : -70;-69;-71;-74;-78;-75;-76;-74;-69;-74;-77;-79;-79;-72;-75;-77;-71;-81;-71;-81;-75;-69;-70;-71;-70;-72;-73;-71;-71;-73;-74;-75;-70;-74;-70;-88;-72;-73;-75;-71;-72;-75;-77;-74;-71;-72;-74;-74;-78;-71;-77;-76;-78;-78;-82;-79;-79;-73;-74;-73;-79;-73;-72;-71;-77;-74;-76;-74;-78;-75;-70;-69;-70;-72;-70;-72;-71;-73;-83;-74;-75;-76;-87;-82;-78;-87;-75;-73;-74;-84;-72;-71;-78;-73;-77;-80;-81;-73;-72;-78;&&
  Avg : -74.76  Var : 1686.24  Std Dev : 41.06 Comp Values L : -78 Upper : -72
AvgBits (40) : 1 1 1 1 0 0 1 0 1 0 1 1 1 1 1 1 1 1 0 1 1 1 0 0 0 0 1 1 1 1 1 1 0 0 0 0 0 1 0 0  ##
 Range (MinRSS - MaxRSS) : -82 <-> -70 Median : -74.00
 LT : -78 RT : -72
MedBits (40) : 1 1 1 1 0 0 1 0 1 0 1 1 1 1 1 1 1 1 0 1 1 1 0 0 0 0 1 1 1 1 1 1 0 0 0 0 0 1 0 0  ##
20 : -73;-71;-73;-81;-88;-78;-81;-78;-72;-76;-84;-83;-81;-74;-79;-80;-74;-81;-73;-85;-80;-72;-72;-73;-73;-74;-78;-73;-73;-77;-76;-78;-72;-77;-72;-87;-75;-76;-83;-74;-74;-81;-84;-78;-73;-74;-76;-76;-79;-74;-82;-79;-82;-83;-84;-85;-81;-76;-76;-77;-81;-75;-74;-73;-81;-76;-78;-76;-80;-79;-73;-71;-73;-75;-72;-73;-75;-76;-81;-77;-80;-80;-84;-84;-79;-88;-78;-78;-78;-85;-75;-73;-82;-75;-79;-81;-83;-75;-74;-81;&&
  Avg : -77.65  Var : 1758.75  Std Dev : 41.94 Comp Values L : -81 Upper : -75
AvgBits (48) : 1 1 1 0 1 0 0 1 1 1 0 1 1 1 1 1 1 1 1 1 0 0 1 1 0 1 1 1 0 0 0 0 0 1 1 1 1 1 1 1 0 0 0 0 1 0 0 1  ##
 Range (MinRSS - MaxRSS) : -85 <-> -72 Median : -77.00
 LT : -81 RT : -75
MedBits (48) : 1 1 1 0 1 0 0 1 1 1 0 1 1 1 1 1 1 1 1 1 0 0 1 1 0 1 1 1 0 0 0 0 0 1 1 1 1 1 1 1 0 0 0 0 1 0 0 1  ##
10 : -77;-78;-78;-79;-76;-84;-77;-72;-70;-75;-76;-79;-79;-72;-75;-74;-76;-70;-77;-82;-79;-72;-70;-77;-73;-77;-71;-73;-82;-76;-72;-72;-73;-69;-73;-71;-71;-69;-71;-76;-71;-74;-73;-69;-69;-71;-71;-71;-81;-74;-68;-74;-70;-75;-74;-70;-68;-71;-70;-74;-72;-69;-69;-71;-74;-72;-78;-72;-74;-74;-73;-76;-81;-72;-70;-70;-72;-74;-88;-73;-70;-68;-70;-72;-73;-74;-70;-69;-70;-71;-76;-70;-75;-73;-69;-74;-73;-73;-74;-80;&&
  Avg : -73.49  Var : 1426.99  Std Dev : 37.78 Comp Values L : -77 Upper : -71
AvgBits (38) : 0 0 0 0 1 0 0 1 0 0 1 0 1 1 1 1 0 1 1 1 1 1 1 1 0 0 1 1 0 1 1 1 1 1 1 1 1 0  ##
 Range (MinRSS - MaxRSS) : -81 <-> -69 Median : -73.00
 LT : -77 RT : -71
MedBits (38) : 0 0 0 0 1 0 0 1 0 0 1 0 1 1 1 1 0 1 1 1 1 1 1 1 0 0 1 1 0 1 1 1 1 1 1 1 1 0  ##
20 : -80;-84;-81;-84;-79;-87;-81;-74;-73;-79;-82;-79;-86;-74;-77;-76;-79;-73;-82;-83;-85;-75;-73;-78;-76;-80;-73;-75;-83;-79;-74;-74;-76;-72;-76;-73;-73;-70;-73;-78;-74;-80;-77;-70;-71;-73;-74;-74;-83;-79;-70;-77;-72;-78;-80;-73;-70;-73;-72;-76;-74;-71;-71;-73;-77;-74;-85;-75;-77;-76;-74;-77;-84;-74;-71;-73;-75;-77;-90;-76;-73;-70;-72;-74;-75;-77;-72;-71;-73;-73;-79;-72;-78;-76;-72;-76;-78;-75;-76;-79;&&
  Avg : -76.20  Var : 1806.00  Std Dev : 42.50 Comp Values L : -80 Upper : -74
AvgBits (47) : 0 0 0 0 0 1 0 0 1 0 0 0 1 1 0 1 1 1 1 1 1 1 1 0 1 1 1 1 1 1 1 1 1 0 0 1 1 0 1 1 1 1 1 1 1 1 1  ##
 Range (MinRSS - MaxRSS) : -84 <-> -71 Median : -75.50
 LT : -79 RT : -73
MedBits (36) : 0 0 0 0 0 0 0 0 0 0 0 0 0 1 1 0 1 1 0 1 1 0 1 1 1 1 0 0 1 0 1 1 1 1 1 1  ##
10 : -72;-70;-72;-72;-72;-72;-79;-73;-74;-73;-73;-72;-71;-71;-71;-72;-71;-81;-72;-70;-71;-73;-72;-72;-74;-73;-71;-72;-71;-71;-73;-80;-72;-70;-71;-73;-74;-80;-79;-77;-74;-71;-74;-75;-84;-79;-72;-70;-72;-73;-78;-70;-69;-70;-72;-71;-74;-71;-69;-69;-73;-71;-72;-72;-74;-74;-70;-70;-73;-73;-74;-83;-72;-69;-70;-80;-78;-73;-70;-69;-71;-74;-74;-73;-72;-71;-74;-69;-73;-88;-70;-69;-73;-70;-77;-72;-71;-68;-70;-71;&&
  Avg : -72.89  Var : 1203.79  Std Dev : 34.70 Comp Values L : -76 Upper : -71
AvgBits (35) : 1 0 0 1 0 1 0 0 0 0 0 1 0 1 1 1 1 1 1 1 0 1 1 0 0 1 1 1 0 1 1 1 0 1 1  ##
 Range (MinRSS - MaxRSS) : -80 <-> -69 Median : -72.00
 LT : -76 RT : -71
MedBits (35) : 1 0 0 1 0 1 0 0 0 0 0 1 0 1 1 1 1 1 1 1 0 1 1 0 0 1 1 1 0 1 1 1 0 1 1  ##
20 : -76;-72;-74;-74;-74;-75;-82;-76;-79;-75;-75;-75;-74;-74;-73;-74;-74;-86;-75;-72;-73;-79;-75;-76;-78;-76;-74;-75;-75;-73;-75;-79;-76;-73;-74;-75;-76;-82;-85;-81;-76;-73;-78;-79;-82;-83;-75;-72;-74;-76;-79;-73;-71;-74;-74;-74;-78;-74;-71;-71;-76;-73;-74;-75;-76;-78;-72;-73;-75;-76;-78;-84;-76;-71;-72;-81;-81;-77;-73;-71;-77;-78;-77;-77;-74;-73;-77;-71;-75;-89;-73;-70;-74;-73;-79;-75;-74;-70;-72;-75;&&
  Avg : -75.61  Var : 1227.79  Std Dev : 35.04 Comp Values L : -79 Upper : -73
AvgBits (25) : 1 0 0 1 0 0 0 0 0 1 1 1 1 1 0 1 1 0 0 1 1 0 1 1 1  ##
 Range (MinRSS - MaxRSS) : -82 <-> -71 Median : -75.00
 LT : -78 RT : -73
MedBits (31) : 1 0 0 0 1 0 0 0 0 0 0 0 0 1 0 1 1 1 1 0 1 1 0 0 1 1 0 1 0 1 1  ##
10 : -69;-70;-74;-73;-73;-70;-69;-72;-71;-79;-72;-71;-71;-71;-71;-72;-74;-73;-73;-74;-72;-72;-70;-74;-82;-69;-71;-73;-74;-72;-74;-72;-72;-75;-73;-74;-78;-82;-74;-76;-79;-72;-72;-74;-87;-72;-71;-74;-70;-72;-81;-79;-71;-77;-70;-72;-87;-84;-79;-71;-76;-75;-80;-80;-79;-76;-72;-81;-75;-74;-72;-70;-70;-79;-81;-73;-71;-72;-72;-75;-76;-79;-87;-72;-71;-71;-74;-77;-73;-72;-72;-72;-72;-84;-74;-71;-74;-77;-75;-73;&&
  Avg : -74.34  Var : 1682.44  Std Dev : 41.02 Comp Values L : -78 Upper : -72
AvgBits (42) : 1 1 1 1 1 0 1 1 1 1 1 0 1 1 0 0 0 1 1 0 0 1 1 0 0 0 1 0 0 0 0 1 1 0 0 1 0 0 1 1 0 1  ##
 Range (MinRSS - MaxRSS) : -82 <-> -70 Median : -73.00
 LT : -77 RT : -72
MedBits (43) : 1 1 1 1 1 0 1 1 1 1 1 0 1 1 0 0 0 0 1 1 0 0 1 1 0 0 0 1 0 0 0 0 1 1 0 0 1 0 0 1 1 0 1  ##
20 : -71;-72;-75;-78;-76;-73;-71;-74;-73;-86;-75;-74;-74;-74;-73;-74;-78;-75;-75;-76;-75;-75;-72;-76;-84;-72;-75;-76;-77;-76;-76;-74;-74;-76;-75;-77;-82;-86;-75;-79;-86;-75;-74;-76;-88;-74;-73;-77;-73;-74;-84;-82;-74;-79;-73;-74;-89;-87;-83;-73;-77;-78;-86;-82;-83;-77;-74;-84;-78;-77;-74;-73;-73;-84;-85;-76;-74;-74;-74;-77;-79;-81;-90;-75;-73;-74;-77;-80;-76;-74;-75;-73;-75;-88;-79;-74;-76;-82;-79;-76;&&
  Avg : -77.13  Var : 2025.31  Std Dev : 45.00 Comp Values L : -81 Upper : -74
AvgBits (36) : 1 1 1 1 1 0 1 1 0 1 0 0 0 0 1 1 0 0 1 0 0 0 1 0 0 0 0 1 1 0 0 0 1 1 0 0  ##
 Range (MinRSS - MaxRSS) : -86 <-> -73 Median : -76.00
 LT : -81 RT : -75
MedBits (56) : 1 1 1 1 1 1 0 1 1 1 1 1 1 0 1 1 1 0 0 0 1 0 1 1 1 1 0 0 1 1 1 0 0 0 1 0 0 0 1 0 1 1 1 0 0 1 1 1 0 1 1 1 1 0 1 0  ##
10 : -75;-77;-81;-84;-73;-88;-71;-70;-72;-88;-75;-72;-73;-74;-73;-71;-73;-79;-75;-73;-73;-71;-72;-71;-74;-74;-72;-72;-74;-70;-72;-82;-80;-70;-73;-73;-79;-71;-74;-83;-73;-74;-70;-70;-71;-73;-72;-72;-72;-72;-73;-76;-74;-70;-71;-72;-89;-74;-80;-73;-71;-71;-70;-73;-86;-75;-73;-71;-72;-75;-71;-71;-78;-74;-73;-76;-73;-70;-71;-72;-73;-76;-72;-71;-74;-77;-73;-71;-71;-74;-72;-74;-76;-81;-72;-71;-73;-74;-71;-73;&&
  Avg : -74.03  Var : 1654.91  Std Dev : 40.68 Comp Values L : -78 Upper : -71
AvgBits (21) : 0 0 0 1 0 0 1 0 0 1 0 0 1 1 1 0 0 1 0 1 0  ##
 Range (MinRSS - MaxRSS) : -83 <-> -70 Median : -73.00
 LT : -78 RT : -72
MedBits (39) : 0 0 0 1 1 0 1 0 1 1 1 0 0 1 0 1 0 1 1 1 1 1 0 0 1 1 1 0 1 1 1 1 1 1 1 1 0 1 1  ##
20 : -78;-82;-85;-88;-76;-85;-74;-72;-75;-87;-78;-76;-75;-77;-76;-74;-76;-85;-78;-75;-76;-74;-76;-75;-77;-77;-74;-74;-76;-72;-75;-85;-81;-73;-75;-76;-81;-75;-79;-86;-76;-79;-73;-72;-74;-76;-75;-74;-75;-74;-75;-79;-78;-74;-73;-74;-85;-77;-82;-74;-74;-73;-73;-76;-90;-78;-76;-73;-75;-78;-74;-73;-79;-78;-76;-78;-78;-73;-74;-74;-75;-78;-75;-74;-77;-80;-76;-73;-73;-77;-74;-76;-81;-87;-75;-73;-76;-76;-73;-77;&&
  Avg : -76.77  Var : 1511.71  Std Dev : 38.88 Comp Values L : -80 Upper : -74
AvgBits (30) : 0 0 0 0 1 0 0 1 0 0 1 0 0 1 1 1 0 0 1 1 0 1 1 1 1 1 0 0 1 1  ##
 Range (MinRSS - MaxRSS) : -85 <-> -73 Median : -76.00
 LT : -80 RT : -75
MedBits (47) : 0 0 0 0 1 1 0 1 0 1 1 1 1 0 0 1 0 0 1 1 1 1 1 1 1 1 0 0 1 1 1 1 0 1 1 1 1 1 1 1 1 1 1 0 0 1 1  ##
10 : -79;-75;-72;-73;-75;-77;-73;-72;-72;-74;-79;-75;-73;-72;-71;-74;-70;-71;-72;-72;-72;-75;-76;-76;-71;-75;-77;-72;-75;-71;-71;-70;-86;-76;-71;-74;-69;-79;-75;-82;-72;-74;-71;-72;-80;-71;-70;-75;-70;-85;-72;-74;-75;-72;-75;-73;-85;-70;-70;-74;-75;-78;-77;-71;-71;-73;-75;-70;-78;-72;-72;-78;-77;-74;-72;-75;-71;-81;-73;-82;-76;-71;-71;-84;-75;-74;-70;-70;-70;-72;-76;-77;-76;-71;-73;-70;-79;-81;-76;-73;&&
  Avg : -74.24  Var : 1376.24  Std Dev : 37.10 Comp Values L : -77 Upper : -72
AvgBits (42) : 0 0 1 1 1 1 1 1 1 0 1 1 0 0 1 0 1 1 1 0 0 1 1 0 1 1 1 0 0 1 0 0 1 1 0 1 1 1 1 1 0 0  ##
 Range (MinRSS - MaxRSS) : -82 <-> -70 Median : -73.50
 LT : -77 RT : -72
MedBits (42) : 0 0 1 1 1 1 1 1 1 0 1 1 0 0 1 0 1 1 1 0 0 1 1 0 1 1 1 0 0 1 0 0 1 1 0 1 1 1 1 1 0 0  ##
20 : -82;-78;-75;-76;-78;-81;-77;-75;-74;-78;-82;-81;-75;-75;-73;-78;-73;-73;-74;-74;-74;-77;-80;-80;-73;-78;-81;-74;-76;-73;-74;-73;-85;-80;-73;-79;-72;-81;-80;-86;-75;-77;-72;-74;-83;-74;-73;-79;-74;-84;-75;-78;-78;-76;-76;-77;-92;-73;-73;-76;-79;-79;-82;-74;-73;-74;-77;-73;-81;-75;-74;-85;-79;-76;-76;-78;-75;-87;-77;-84;-79;-75;-73;-85;-79;-77;-72;-73;-73;-74;-78;-81;-79;-73;-77;-73;-82;-84;-79;-76;&&
  Avg : -77.20  Var : 1562.00  Std Dev : 39.52 Comp Values L : -81 Upper : -75
AvgBits (47) : 0 1 0 1 1 1 1 1 1 1 1 1 1 1 0 1 1 0 1 1 0 1 1 1 0 0 1 1 0 1 1 1 1 1 0 0 0 1 0 1 1 1 1 1 1 0 0  ##
 Range (MinRSS - MaxRSS) : -85 <-> -73 Median : -76.50
 LT : -80 RT : -75
MedBits (53) : 0 0 1 0 0 1 1 1 1 1 1 1 0 1 1 1 1 0 1 1 0 0 1 1 0 1 1 1 0 0 1 1 0 1 1 1 1 0 1 0 0 0 1 0 1 1 1 1 0 1 1 0 0  ##
10 : -83;-71;-73;-72;-70;-81;-74;-75;-71;-81;-73;-78;-78;-73;-77;-71;-77;-71;-75;-75;-76;-75;-74;-71;-72;-75;-72;-73;-70;-72;-73;-70;-77;-76;-70;-75;-72;-70;-75;-75;-73;-73;-71;-81;-73;-71;-82;-72;-72;-73;-74;-74;-81;-75;-75;-70;-70;-74;-73;-71;-77;-85;-80;-71;-76;-70;-74;-82;-70;-73;-79;-78;-73;-71;-76;-74;-73;-83;-80;-77;-77;-72;-72;-75;-74;-73;-73;-72;-73;-82;-88;-75;-74;-74;-73;-71;-77;-82;-79;-76;&&
  Avg : -74.74  Var : 1441.24  Std Dev : 37.96 Comp Values L : -78 Upper : -72
AvgBits (36) : 0 1 1 0 1 0 1 1 1 1 1 1 1 1 0 1 0 0 1 1 1 0 0 1 1 0 1 0 1 0 0 0 0 1 0 0  ##
 Range (MinRSS - MaxRSS) : -82 <-> -70 Median : -74.00
 LT : -78 RT : -72
MedBits (36) : 0 1 1 0 1 0 1 1 1 1 1 1 1 1 0 1 0 0 1 1 1 0 0 1 1 0 1 0 1 0 0 0 0 1 0 0  ##
20 : -86;-74;-75;-76;-73;-84;-78;-79;-74;-88;-75;-79;-80;-76;-81;-73;-79;-74;-78;-79;-79;-78;-76;-74;-74;-78;-76;-75;-73;-74;-76;-72;-84;-78;-73;-79;-75;-72;-78;-81;-75;-77;-74;-84;-76;-73;-86;-74;-75;-75;-77;-77;-87;-78;-80;-73;-73;-77;-77;-74;-78;-86;-84;-74;-78;-73;-78;-84;-72;-75;-82;-81;-75;-74;-79;-77;-76;-85;-84;-81;-80;-74;-74;-76;-78;-76;-75;-75;-76;-85;-85;-79;-78;-77;-78;-73;-82;-83;-81;-80;&&
  Avg : -77.69  Var : 1539.39  Std Dev : 39.24 Comp Values L : -81 Upper : -75
AvgBits (42) : 0 1 1 0 1 0 1 1 1 1 1 1 1 0 1 1 1 0 1 0 1 0 1 1 1 0 0 1 1 0 1 0 1 0 0 1 1 0 0 1 0 0  ##
 Range (MinRSS - MaxRSS) : -85 <-> -73 Median : -77.00
 LT : -81 RT : -75
MedBits (42) : 0 1 1 0 1 0 1 1 1 1 1 1 1 0 1 1 1 0 1 0 1 0 1 1 1 0 0 1 1 0 1 0 1 0 0 1 1 0 0 1 0 0  ##
10 : -76;-76;-72;-74;-71;-79;-79;-75;-70;-82;-85;-76;-79;-77;-70;-76;-83;-77;-75;-72;-73;-72;-73;-88;-78;-72;-78;-73;-72;-74;-75;-74;-72;-70;-75;-78;-73;-76;-85;-87;-76;-74;-73;-73;-78;-80;-77;-73;-77;-75;-73;-72;-84;-73;-76;-77;-72;-79;-70;-82;-75;-74;-76;-75;-78;-73;-75;-79;-76;-78;-83;-75;-76;-73;-74;-82;-71;-77;-71;-70;-77;-76;-77;-71;-76;-77;-74;-72;-73;-81;-73;-75;-76;-73;-81;-81;-77;-72;-84;-79;&&
  Avg : -75.92  Var : 1543.36  Std Dev : 39.29 Comp Values L : -79 Upper : -73
AvgBits (34) : 1 1 1 0 0 1 0 1 1 0 1 1 1 1 0 0 0 1 0 1 1 0 0 0 1 1 1 1 1 0 0 0 1 0  ##
 Range (MinRSS - MaxRSS) : -84 <-> -71 Median : -75.50
 LT : -79 RT : -73
MedBits (34) : 1 1 1 0 0 1 0 1 1 0 1 1 1 1 0 0 0 1 0 1 1 0 0 0 1 1 1 1 1 0 0 0 1 0  ##
20 : -80;-79;-75;-78;-74;-81;-81;-79;-73;-82;-85;-79;-83;-81;-74;-79;-84;-80;-78;-76;-76;-74;-75;-87;-82;-74;-80;-77;-74;-77;-79;-78;-74;-71;-79;-84;-76;-78;-86;-86;-81;-76;-76;-74;-81;-83;-81;-77;-79;-77;-76;-75;-90;-76;-79;-80;-74;-81;-73;-88;-78;-77;-79;-78;-80;-75;-78;-81;-80;-80;-86;-79;-78;-76;-77;-85;-73;-82;-74;-73;-78;-78;-80;-73;-79;-81;-76;-76;-77;-87;-75;-77;-78;-76;-85;-82;-82;-75;-87;-82;&&
  Avg : -78.78  Var : 1531.16  Std Dev : 39.13 Comp Values L : -82 Upper : -76
AvgBits (36) : 1 1 1 0 0 1 0 1 1 0 1 1 1 1 0 0 0 1 0 1 0 1 1 0 1 0 0 1 1 1 1 0 1 0 1 0  ##
 Range (MinRSS - MaxRSS) : -86 <-> -73 Median : -78.00
 LT : -82 RT : -76
MedBits (36) : 1 1 1 0 0 1 0 1 1 0 1 1 1 1 0 0 0 1 0 1 0 1 1 0 1 0 0 1 1 1 1 0 1 0 1 0  ##
10 : -76;-77;-73;-73;-75;-69;-72;-70;-73;-83;-74;-75;-73;-72;-72;-77;-86;-79;-74;-73;-74;-76;-74;-74;-74;-74;-83;-75;-73;-84;-77;-71;-75;-82;-74;-74;-74;-73;-77;-75;-71;-70;-71;-76;-77;-72;-77;-78;-78;-76;-75;-76;-76;-72;-71;-73;-72;-77;-73;-76;-79;-71;-70;-72;-77;-86;-74;-74;-74;-79;-74;-73;-76;-74;-78;-79;-72;-72;-74;-72;-72;-76;-73;-73;-71;-81;-86;-76;-73;-71;-71;-74;-77;-82;-76;-73;-73;-74;-76;-75;&&
  Avg : -74.99  Var : 1260.99  Std Dev : 35.51 Comp Values L : -78 Upper : -73
AvgBits (36) : 1 1 1 0 1 1 0 0 0 0 1 0 1 1 1 1 1 1 1 0 1 1 1 0 0 0 1 1 1 1 1 0 0 1 1 0  ##
 Range (MinRSS - MaxRSS) : -83 <-> -71 Median : -74.00
 LT : -78 RT : -73
MedBits (36) : 1 1 1 0 1 1 0 0 0 0 1 0 1 1 1 1 1 1 1 0 1 1 1 0 0 0 1 1 1 1 1 0 0 1 1 0  ##
20 : -78;-82;-75;-75;-80;-71;-74;-73;-75;-92;-78;-77;-76;-75;-75;-79;-91;-82;-77;-74;-76;-79;-77;-76;-77;-78;-84;-79;-78;-86;-82;-73;-78;-85;-77;-76;-77;-76;-80;-78;-74;-71;-74;-78;-80;-74;-80;-82;-86;-80;-81;-77;-80;-74;-74;-76;-74;-81;-75;-80;-84;-74;-73;-75;-82;-87;-76;-77;-76;-81;-77;-74;-78;-76;-80;-83;-75;-74;-75;-75;-75;-80;-77;-75;-74;-85;-85;-80;-76;-74;-73;-76;-79;-86;-78;-76;-75;-76;-82;-79;&&
  Avg : -77.95  Var : 1634.75  Std Dev : 40.43 Comp Values L : -81 Upper : -75
AvgBits (37) : 0 1 1 1 0 0 0 1 0 0 0 1 0 1 1 1 1 0 0 1 1 1 0 1 1 0 0 1 0 1 1 0 0 1 1 0 0  ##
 Range (MinRSS - MaxRSS) : -86 <-> -73 Median : -77.00
 LT : -81 RT : -75
MedBits (37) : 0 1 1 1 0 0 0 1 0 0 0 1 0 1 1 1 1 0 0 1 1 1 0 1 1 0 0 1 0 1 1 0 0 1 1 0 0  ##
10 : -73;-70;-69;-75;-73;-72;-72;-84;-72;-83;-78;-74;-81;-74;-76;-73;-83;-82;-84;-73;-74;-71;-74;-73;-77;-75;-72;-71;-73;-73;-78;-77;-73;-76;-72;-73;-83;-76;-84;-75;-72;-72;-88;-81;-74;-81;-76;-73;-70;-73;-70;-72;-80;-75;-77;-77;-77;-72;-75;-76;-76;-74;-76;-81;-75;-70;-72;-75;-74;-74;-78;-75;-70;-73;-81;-79;-84;-70;-69;-72;-73;-72;-75;-70;-70;-74;-73;-74;-75;-81;-70;-69;-74;-73;-79;-85;-71;-69;-70;-72;&&
  Avg : -74.99  Var : 1790.99  Std Dev : 42.32 Comp Values L : -79 Upper : -72
AvgBits (34) : 1 1 0 0 0 0 0 0 1 1 0 0 0 0 0 1 1 0 0 1 1 0 0 1 1 1 1 0 1 1 0 1 1 1  ##
 Range (MinRSS - MaxRSS) : -84 <-> -70 Median : -74.00
 LT : -79 RT : -72
MedBits (34) : 1 1 0 0 0 0 0 0 1 1 0 0 0 0 0 1 1 0 0 1 1 0 0 1 1 1 1 0 1 1 0 1 1 1  ##
20 : -77;-72;-71;-78;-76;-74;-74;-85;-74;-84;-83;-76;-82;-78;-79;-76;-83;-84;-87;-76;-77;-73;-76;-76;-79;-80;-76;-73;-75;-75;-81;-81;-75;-79;-75;-76;-85;-81;-87;-77;-74;-75;-87;-83;-78;-83;-79;-75;-72;-76;-72;-73;-83;-80;-80;-82;-80;-74;-80;-81;-78;-79;-80;-82;-77;-73;-74;-77;-76;-78;-81;-78;-72;-74;-87;-82;-83;-72;-71;-74;-75;-76;-79;-72;-72;-77;-76;-76;-78;-88;-73;-71;-78;-76;-83;-86;-73;-71;-73;-76;&&
  Avg : -77.70  Var : 1843.00  Std Dev : 42.93 Comp Values L : -81 Upper : -75
AvgBits (47) : 1 1 1 1 0 1 0 0 0 0 0 0 1 1 0 0 1 0 0 0 1 1 1 0 0 1 0 1 1 1 1 0 0 0 1 1 1 1 1 0 1 1 0 0 1 1 1  ##
 Range (MinRSS - MaxRSS) : -86 <-> -72 Median : -77.00
 LT : -81 RT : -75
MedBits (47) : 1 1 1 1 0 1 0 0 0 0 0 0 1 1 0 0 1 0 0 0 1 1 1 0 0 1 0 1 1 1 1 0 0 0 1 1 1 1 1 0 1 1 0 0 1 1 1  ##
10 : -74;-74;-73;-73;-77;-73;-69;-71;-76;-72;-78;-74;-68;-75;-86;-73;-74;-69;-69;-74;-69;-68;-74;-75;-72;-74;-69;-69;-76;-77;-74;-72;-74;-75;-71;-72;-73;-73;-81;-74;-70;-71;-74;-74;-72;-74;-84;-75;-74;-81;-76;-76;-79;-74;-75;-81;-74;-69;-75;-72;-79;-75;-72;-70;-77;-75;-81;-72;-80;-72;-72;-73;-71;-74;-74;-74;-86;-71;-70;-70;-76;-74;-73;-84;-73;-74;-77;-77;-72;-73;-74;-72;-73;-73;-71;-73;-79;-73;-69;-72;&&
  Avg : -74.04  Var : 1339.84  Std Dev : 36.60 Comp Values L : -77 Upper : -72
AvgBits (33) : 1 1 0 1 0 1 1 1 1 1 1 1 0 1 1 0 0 0 0 1 0 1 0 0 1 0 1 1 1 0 1 0 1  ##
 Range (MinRSS - MaxRSS) : -81 <-> -69 Median : -74.00
 LT : -77 RT : -72
MedBits (33) : 1 1 0 1 0 1 1 1 1 1 1 1 0 1 1 0 0 0 0 1 0 1 0 0 1 0 1 1 1 0 1 0 1  ##
20 : -76;-77;-77;-76;-78;-75;-72;-73;-77;-76;-84;-77;-70;-76;-86;-76;-75;-71;-71;-78;-71;-70;-77;-77;-75;-76;-70;-71;-77;-83;-75;-75;-76;-77;-74;-76;-76;-75;-84;-76;-73;-73;-76;-76;-76;-75;-83;-82;-76;-81;-80;-79;-84;-76;-77;-84;-77;-71;-79;-74;-82;-81;-74;-73;-83;-80;-84;-74;-82;-76;-75;-75;-74;-76;-77;-76;-85;-74;-73;-73;-78;-76;-77;-87;-74;-75;-78;-83;-75;-77;-77;-76;-74;-74;-74;-75;-83;-75;-71;-74;&&
  Avg : -76.64  Var : 1449.04  Std Dev : 38.07 Comp Values L : -80 Upper : -74
AvgBits (34) : 1 1 0 1 0 1 1 1 1 1 1 0 0 1 1 0 0 0 0 0 1 0 0 1 0 0 0 0 1 1 0 0 0 1  ##
 Range (MinRSS - MaxRSS) : -84 <-> -71 Median : -76.00
 LT : -80 RT : -74
MedBits (34) : 1 1 0 1 0 1 1 1 1 1 1 0 0 1 1 0 0 0 0 0 1 0 0 1 0 0 0 0 1 1 0 0 0 1  ##
10 : -76;-73;-73;-72;-71;-76;-71;-79;-76;-86;-74;-71;-71;-81;-73;-70;-73;-70;-70;-72;-84;-73;-80;-70;-71;-71;-73;-73;-83;-74;-74;-74;-81;-73;-79;-70;-72;-70;-84;-72;-73;-78;-73;-81;-75;-74;-74;-78;-71;-81;-73;-77;-73;-73;-76;-79;-78;-76;-76;-77;-74;-73;-78;-73;-70;-74;-74;-78;-73;-74;-72;-75;-72;-79;-71;-69;-70;-74;-74;-78;-79;-70;-69;-71;-74;-72;-74;-73;-80;-72;-70;-70;-69;-77;-76;-76;-80;-72;-70;-70;&&
  Avg : -74.34  Var : 1416.44  Std Dev : 37.64 Comp Values L : -78 Upper : -72
AvgBits (41) : 1 1 0 0 1 1 0 1 1 1 0 0 1 1 1 0 0 0 1 1 0 0 1 0 0 1 0 1 1 1 0 1 1 1 0 1 1 1 0 1 1  ##
 Range (MinRSS - MaxRSS) : -81 <-> -70 Median : -73.00
 LT : -77 RT : -72
MedBits (47) : 1 1 0 0 1 1 0 1 1 1 0 0 1 1 1 0 0 0 1 1 0 0 0 0 1 0 0 0 0 1 0 0 1 1 1 0 0 1 1 1 0 1 1 1 0 1 1  ##
20 : -82;-76;-77;-74;-74;-81;-75;-83;-78;-85;-77;-75;-74;-80;-75;-71;-76;-72;-72;-74;-89;-76;-82;-73;-74;-74;-76;-74;-83;-79;-76;-77;-84;-76;-79;-73;-74;-72;-80;-76;-76;-80;-75;-82;-80;-78;-77;-81;-73;-85;-77;-80;-76;-75;-79;-82;-81;-82;-78;-79;-76;-77;-83;-75;-72;-75;-77;-79;-76;-76;-75;-76;-74;-82;-73;-71;-73;-77;-76;-80;-84;-73;-71;-72;-76;-76;-78;-76;-83;-74;-73;-72;-71;-84;-79;-79;-83;-74;-72;-71;&&
  Avg : -76.98  Var : 1497.96  Std Dev : 38.70 Comp Values L : -80 Upper : -75
AvgBits (50) : 0 1 1 0 0 0 1 1 1 1 1 0 0 1 1 1 1 0 0 1 1 1 0 0 1 0 0 0 0 0 1 1 0 1 1 1 0 1 1 1 0 1 1 1 1 0 0 1 1 1  ##
 Range (MinRSS - MaxRSS) : -84 <-> -72 Median : -76.00
 LT : -80 RT : -74
MedBits (39) : 0 0 0 0 1 1 1 0 0 1 0 0 1 1 0 0 1 0 0 0 0 0 1 0 1 1 1 0 1 1 1 0 1 1 1 0 0 1 1  ##
10 : -75;-74;-76;-75;-73;-80;-82;-77;-74;-73;-69;-70;-72;-73;-74;-83;-84;-78;-72;-75;-74;-74;-77;-86;-74;-70;-71;-73;-77;-71;-69;-73;-73;-72;-72;-73;-70;-69;-72;-74;-72;-73;-72;-75;-77;-73;-71;-72;-83;-74;-80;-71;-72;-74;-73;-73;-73;-79;-72;-68;-75;-83;-74;-73;-74;-73;-68;-73;-73;-73;-75;-71;-83;-70;-70;-74;-73;-81;-77;-70;-69;-69;-73;-74;-78;-71;-69;-69;-75;-72;-74;-78;-77;-70;-83;-76;-77;-74;-75;-76;&&
  Avg : -74.12  Var : 1464.56  Std Dev : 38.27 Comp Values L : -77 Upper : -72
AvgBits (37) : 0 0 1 1 0 0 0 0 1 1 1 1 1 1 1 0 0 1 0 1 0 1 1 0 1 1 0 1 1 1 0 1 1 1 0 1 0  ##
 Range (MinRSS - MaxRSS) : -83 <-> -69 Median : -73.00
 LT : -78 RT : -71
MedBits (28) : 0 0 1 1 0 0 0 1 1 1 1 0 0 0 1 0 1 0 1 1 0 1 1 1 1 1 1 0  ##
20 : -77;-77;-79;-79;-76;-85;-84;-79;-80;-75;-71;-72;-74;-75;-77;-88;-85;-81;-77;-76;-77;-77;-82;-89;-79;-73;-75;-76;-87;-73;-71;-75;-76;-75;-75;-75;-72;-71;-74;-77;-75;-74;-74;-77;-83;-76;-73;-74;-84;-76;-90;-73;-75;-77;-75;-76;-75;-83;-74;-70;-77;-84;-76;-75;-79;-74;-70;-77;-75;-76;-78;-74;-84;-72;-72;-79;-75;-80;-83;-72;-71;-71;-75;-76;-80;-73;-71;-70;-77;-76;-77;-81;-82;-73;-82;-79;-83;-77;-78;-80;&&
  Avg : -76.94  Var : 1901.64  Std Dev : 43.61 Comp Values L : -81 Upper : -74
AvgBits (37) : 0 0 1 1 0 0 0 0 1 0 1 1 1 1 0 1 0 0 1 0 1 0 1 0 1 1 0 1 1 1 1 1 1 0 1 0 0  ##
 Range (MinRSS - MaxRSS) : -85 <-> -71 Median : -76.00
 LT : -80 RT : -74
MedBits (39) : 0 0 1 1 0 0 0 0 0 1 0 1 1 1 1 0 1 0 0 1 0 1 0 1 0 1 1 0 1 1 1 1 1 1 0 0 1 0 0  ##
10 : -81;-83;-82;-72;-69;-73;-73;-73;-71;-71;-74;-74;-73;-76;-75;-71;-68;-72;-74;-72;-83;-71;-69;-72;-78;-73;-73;-71;-69;-69;-74;-70;-75;-72;-73;-69;-69;-73;-71;-74;-73;-75;-81;-74;-72;-73;-80;-81;-79;-72;-80;-74;-88;-75;-70;-70;-70;-78;-74;-76;-78;-80;-84;-82;-79;-82;-75;-74;-74;-82;-78;-71;-70;-72;-75;-75;-79;-76;-73;-73;-74;-79;-73;-76;-73;-73;-74;-75;-72;-71;-80;-82;-76;-73;-76;-73;-74;-72;-77;-75;&&
  Avg : -74.70  Var : 1621.00  Std Dev : 40.26 Comp Values L : -78 Upper : -72
AvgBits (40) : 0 0 0 1 1 1 1 1 0 1 1 1 1 1 1 1 1 1 0 0 0 0 0 0 1 1 1 0 0 0 0 0 0 1 1 0 0 1 0 0  ##
 Range (MinRSS - MaxRSS) : -82 <-> -69 Median : -74.00
 LT : -78 RT : -72
MedBits (40) : 0 0 0 1 1 1 1 1 0 1 1 1 1 1 1 1 1 1 0 0 0 0 0 0 1 1 1 0 0 0 0 0 0 1 1 0 0 1 0 0  ##
20 : -88;-86;-89;-74;-72;-75;-75;-75;-74;-73;-76;-78;-76;-81;-77;-73;-70;-76;-75;-76;-85;-73;-70;-75;-79;-76;-76;-73;-70;-70;-76;-72;-82;-75;-76;-70;-71;-77;-72;-77;-76;-78;-84;-77;-75;-76;-82;-88;-80;-75;-81;-77;-88;-78;-72;-72;-72;-81;-79;-79;-81;-81;-84;-89;-80;-84;-77;-77;-78;-84;-83;-73;-71;-75;-78;-77;-85;-77;-75;-76;-77;-83;-76;-77;-77;-76;-79;-76;-75;-74;-81;-84;-78;-77;-77;-77;-76;-75;-80;-77;&&
  Avg : -77.41  Var : 1992.19  Std Dev : 44.63 Comp Values L : -81 Upper : -75
AvgBits (38) : 0 0 0 1 1 1 1 1 1 0 1 1 1 1 1 1 0 1 1 1 0 0 0 0 1 1 1 0 0 0 0 0 1 1 0 0 1 0  ##
 Range (MinRSS - MaxRSS) : -86 <-> -71 Median : -77.00
 LT : -81 RT : -74
MedBits (35) : 0 0 0 1 1 1 1 0 1 1 1 1 1 1 0 1 1 1 0 0 0 0 1 1 1 0 0 0 0 0 1 1 0 0 0  ##
10 : -72;-76;-75;-73;-73;-78;-76;-70;-74;-72;-74;-72;-71;-75;-71;-70;-72;-72;-71;-71;-77;-71;-73;-72;-71;-79;-72;-70;-72;-73;-73;-72;-77;-69;-75;-72;-71;-74;-75;-72;-69;-75;-72;-71;-71;-88;-72;-69;-69;-72;-71;-72;-68;-71;-72;-75;-71;-73;-72;-69;-73;-72;-75;-72;-73;-76;-72;-83;-78;-77;-76;-75;-73;-72;-74;-79;-72;-71;-74;-75;-77;-76;-77;-72;-70;-73;-76;-75;-75;-80;-75;-72;-68;-78;-76;-85;-74;-69;-69;-79;&&
  Avg : -73.48  Var : 1148.96  Std Dev : 33.90 Comp Values L : -76 Upper : -71
AvgBits (28) : 0 1 1 0 0 1 0 1 1 0 1 1 1 1 0 0 0 0 0 0 1 0 1 0 0 1 1 0  ##
 Range (MinRSS - MaxRSS) : -79 <-> -69 Median : -72.50
 LT : -75 RT : -71
MedBits (35) : 0 0 0 1 1 0 0 1 0 1 1 0 1 1 1 1 0 0 0 0 0 0 0 0 0 1 0 0 1 0 0 0 1 1 0  ##
20 : -74;-78;-79;-76;-75;-82;-80;-73;-77;-75;-79;-74;-74;-78;-73;-73;-75;-76;-73;-73;-79;-74;-76;-74;-74;-85;-74;-73;-75;-76;-75;-74;-82;-72;-77;-75;-75;-79;-79;-74;-71;-75;-74;-74;-75;-85;-75;-71;-72;-75;-73;-76;-70;-74;-75;-78;-74;-76;-75;-71;-76;-76;-78;-75;-75;-83;-73;-85;-80;-80;-81;-77;-76;-76;-77;-82;-74;-73;-76;-77;-82;-79;-82;-74;-72;-75;-80;-80;-80;-84;-76;-73;-70;-80;-80;-84;-77;-71;-71;-79;&&
  Avg : -76.27  Var : 1241.71  Std Dev : 35.24 Comp Values L : -79 Upper : -74
AvgBits (40) : 0 0 1 1 1 1 1 0 1 0 1 1 0 1 1 1 1 1 0 1 0 0 0 0 0 1 0 0 1 0 0 0 0 1 1 0 0 0 1 1  ##
 Range (MinRSS - MaxRSS) : -83 <-> -71 Median : -75.00
 LT : -79 RT : -73
MedBits (30) : 0 0 0 0 1 1 0 1 1 1 1 0 0 0 0 0 0 0 0 1 0 0 0 0 1 0 0 0 1 1  ##
10 : -83;-76;-73;-78;-72;-69;-69;-74;-74;-71;-70;-68;-73;-74;-80;-74;-72;-70;-70;-74;-77;-73;-75;-75;-72;-78;-76;-75;-74;-76;-81;-74;-76;-76;-73;-79;-72;-74;-80;-78;-74;-84;-75;-72;-76;-79;-76;-74;-71;-74;-72;-77;-72;-74;-81;-75;-72;-73;-74;-75;-75;-75;-77;-73;-72;-74;-80;-73;-76;-76;-78;-77;-72;-74;-74;-79;-74;-71;-75;-79;-73;-74;-74;-75;-77;-86;-75;-85;-79;-79;-74;-83;-73;-85;-83;-77;-73;-77;-76;-70;&&
  Avg : -75.30  Var : 1321.00  Std Dev : 36.35 Comp Values L : -78 Upper : -73
AvgBits (38) : 0 1 1 1 1 1 1 0 1 1 1 1 0 0 1 0 0 1 0 1 1 1 0 1 1 0 1 0 1 0 0 0 0 0 0 0 0 1  ##
 Range (MinRSS - MaxRSS) : -83 <-> -70 Median : -74.50
 LT : -78 RT : -72
MedBits (28) : 0 1 1 1 1 1 0 1 1 0 0 0 0 0 1 0 0 0 1 0 0 0 0 0 0 0 0 1  ##
20 : -84;-77;-75;-82;-76;-71;-72;-75;-79;-75;-73;-70;-75;-76;-82;-75;-74;-72;-72;-77;-82;-76;-76;-79;-75;-81;-81;-77;-79;-78;-82;-77;-81;-79;-76;-84;-75;-76;-84;-81;-76;-84;-79;-75;-79;-84;-81;-78;-75;-79;-75;-83;-75;-77;-83;-80;-76;-75;-78;-77;-77;-78;-82;-75;-75;-77;-82;-76;-80;-81;-78;-82;-75;-77;-77;-83;-78;-73;-80;-86;-74;-76;-76;-77;-80;-91;-78;-86;-80;-81;-76;-85;-77;-89;-88;-81;-75;-80;-82;-72;&&
  Avg : -78.36  Var : 1583.04  Std Dev : 39.79 Comp Values L : -82 Upper : -76
AvgBits (40) : 0 1 1 1 1 1 1 1 1 1 1 1 1 1 0 1 0 0 1 0 1 1 0 1 0 1 1 1 1 0 1 0 1 0 0 0 0 0 1 1  ##
 Range (MinRSS - MaxRSS) : -85 <-> -72 Median : -77.50
 LT : -81 RT : -75
MedBits (32) : 0 0 1 1 1 1 0 1 1 1 0 0 0 0 0 0 0 0 0 0 0 0 1 0 1 0 0 0 0 0 0 1  ##
10 : -74;-75;-83;-77;-77;-76;-76;-75;-76;-74;-75;-75;-78;-73;-74;-79;-82;-75;-86;-78;-75;-79;-79;-89;-74;-72;-78;-81;-79;-78;-80;-84;-83;-76;-76;-75;-74;-77;-77;-78;-76;-77;-75;-79;-74;-79;-74;-77;-77;-79;-71;-74;-80;-78;-75;-74;-78;-79;-88;-73;-77;-74;-73;-75;-71;-70;-83;-74;-73;-74;-82;-75;-76;-81;-79;-73;-74;-75;-78;-79;-75;-74;-78;-74;-73;-75;-83;-79;-82;-77;-71;-69;-81;-82;-80;-82;-74;-71;-74;-83;&&
  Avg : -76.92  Var : 1421.36  Std Dev : 37.70 Comp Values L : -80 Upper : -75
AvgBits (47) : 1 0 1 1 1 0 0 0 1 1 0 0 0 1 1 1 1 1 1 0 1 1 1 1 1 0 1 1 1 0 0 1 1 1 1 1 0 0 1 1 0 0 0 1 1 1 0  ##
 Range (MinRSS - MaxRSS) : -83 <-> -71 Median : -76.00
 LT : -79 RT : -74
MedBits (33) : 0 1 0 0 0 1 0 0 0 0 1 0 0 1 1 1 1 0 1 0 0 1 1 0 0 1 1 0 0 0 0 1 0  ##
20 : -76;-79;-82;-78;-83;-78;-81;-79;-78;-79;-79;-76;-82;-76;-75;-82;-83;-78;-86;-85;-80;-80;-84;-94;-78;-74;-81;-85;-84;-81;-84;-86;-85;-80;-79;-78;-76;-81;-82;-80;-78;-81;-78;-84;-77;-85;-77;-81;-76;-79;-75;-76;-82;-84;-77;-77;-82;-87;-89;-80;-80;-78;-77;-77;-74;-72;-84;-77;-78;-80;-85;-79;-79;-85;-81;-76;-78;-78;-85;-86;-77;-77;-79;-77;-78;-77;-84;-81;-83;-83;-74;-70;-86;-86;-83;-83;-77;-73;-77;-87;&&
  Avg : -80.13  Var : 1587.31  Std Dev : 39.84 Comp Values L : -84 Upper : -78
AvgBits (44) : 1 1 1 1 0 0 0 1 0 0 0 1 1 0 1 1 1 1 1 1 0 0 1 1 1 1 1 0 0 1 0 0 1 1 1 1 1 1 0 0 1 1 1 0  ##
 Range (MinRSS - MaxRSS) : -86 <-> -74 Median : -79.50
 LT : -82 RT : -77
MedBits (44) : 1 0 1 1 1 0 0 0 0 0 1 0 0 0 0 0 1 0 0 1 1 1 0 0 0 1 1 0 0 0 1 0 0 0 0 0 1 1 0 0 0 0 1 0  ##
10 : -79;-87;-77;-74;-78;-74;-71;-77;-81;-76;-72;-70;-73;-69;-74;-70;-72;-72;-74;-82;-74;-73;-76;-84;-80;-78;-79;-77;-74;-79;-72;-73;-77;-82;-71;-76;-71;-72;-79;-88;-74;-69;-79;-77;-75;-77;-78;-78;-71;-73;-72;-81;-77;-81;-76;-69;-73;-78;-78;-79;-73;-69;-69;-80;-80;-76;-78;-73;-72;-83;-75;-77;-75;-85;-71;-85;-81;-74;-76;-78;-78;-75;-78;-77;-80;-74;-74;-79;-78;-75;-76;-79;-73;-76;-83;-77;-72;-70;-74;-74;&&
  Avg : -76.04  Var : 1681.84  Std Dev : 41.01 Comp Values L : -80 Upper : -73
AvgBits (34) : 0 1 0 1 1 1 1 1 1 0 0 1 0 1 1 1 0 1 1 1 0 0 1 1 1 1 0 0 1 0 0 0 1 1  ##
 Range (MinRSS - MaxRSS) : -83 <-> -70 Median : -76.00
 LT : -79 RT : -73
MedBits (38) : 0 1 0 1 1 1 1 1 1 0 0 0 1 0 1 1 1 0 1 1 1 0 0 1 1 1 0 0 1 0 0 1 0 0 0 0 1 1  ##
20 : -84;-91;-82;-78;-83;-77;-74;-84;-84;-82;-74;-73;-77;-71;-77;-72;-75;-75;-76;-87;-78;-76;-79;-89;-84;-81;-81;-80;-77;-82;-75;-75;-79;-85;-74;-79;-74;-74;-81;-87;-76;-72;-81;-79;-77;-81;-80;-81;-74;-76;-73;-83;-82;-81;-81;-71;-74;-84;-83;-82;-77;-71;-71;-82;-84;-80;-78;-77;-74;-82;-80;-82;-77;-90;-75;-93;-84;-79;-81;-81;-81;-79;-81;-80;-82;-77;-77;-81;-82;-78;-79;-81;-75;-79;-84;-81;-74;-72;-76;-75;&&
  Avg : -79.09  Var : 2028.19  Std Dev : 45.04 Comp Values L : -83 Upper : -76
AvgBits (40) : 0 0 1 0 0 1 1 1 1 1 1 0 0 0 1 1 0 1 1 1 0 1 1 1 1 1 0 1 1 0 1 0 1 0 0 1 0 1 1 1  ##
 Range (MinRSS - MaxRSS) : -87 <-> -72 Median : -79.00
 LT : -83 RT : -76
MedBits (40) : 0 0 1 0 0 1 1 1 1 1 1 0 0 0 1 1 0 1 1 1 0 1 1 1 1 1 0 1 1 0 1 0 1 0 0 1 0 1 1 1  ##
10 : -73;-76;-74;-77;-71;-70;-79;-69;-76;-72;-69;-69;-77;-71;-76;-78;-71;-74;-79;-73;-78;-77;-76;-70;-74;-79;-78;-83;-80;-74;-75;-81;-76;-79;-77;-77;-75;-75;-82;-78;-76;-78;-77;-76;-76;-76;-83;-76;-78;-82;-75;-79;-73;-74;-85;-76;-78;-73;-69;-82;-74;-75;-77;-79;-74;-68;-77;-70;-77;-75;-81;-77;-75;-79;-77;-77;-75;-76;-82;-78;-80;-78;-75;-79;-78;-83;-86;-75;-73;-73;-77;-74;-77;-81;-76;-80;-79;-77;-76;-75;&&
  Avg : -76.35  Var : 1274.75  Std Dev : 35.70 Comp Values L : -79 Upper : -74
AvgBits (33) : 1 1 1 1 1 1 1 1 1 1 1 0 0 0 0 0 0 1 0 1 1 0 1 1 0 0 0 0 0 1 1 0 0  ##
 Range (MinRSS - MaxRSS) : -82 <-> -70 Median : -76.00
 LT : -79 RT : -73
MedBits (27) : 1 1 1 1 1 1 1 1 1 0 0 0 0 0 0 0 1 0 1 1 0 0 0 0 0 0 0  ##
20 : -75;-81;-78;-82;-74;-71;-85;-72;-78;-74;-70;-71;-80;-73;-81;-81;-73;-76;-88;-76;-81;-79;-83;-71;-76;-84;-79;-87;-81;-77;-77;-83;-79;-82;-82;-81;-79;-77;-81;-82;-79;-81;-81;-80;-79;-79;-83;-79;-80;-83;-78;-82;-75;-76;-85;-76;-81;-75;-71;-85;-75;-78;-79;-83;-76;-70;-82;-72;-81;-78;-84;-78;-77;-83;-79;-80;-79;-78;-81;-82;-83;-81;-76;-82;-82;-83;-86;-80;-75;-74;-81;-77;-82;-85;-79;-85;-81;-84;-78;-78;&&
  Avg : -79.15  Var : 1564.75  Std Dev : 39.56 Comp Values L : -83 Upper : -77
AvgBits (36) : 1 1 1 0 1 1 1 1 1 1 1 0 1 1 1 0 0 1 1 0 1 1 1 0 1 1 1 1 0 1 0 1 1 0 0 0  ##
 Range (MinRSS - MaxRSS) : -85 <-> -71 Median : -79.00
 LT : -82 RT : -75
MedBits (32) : 1 1 0 1 1 1 1 1 1 0 0 1 0 0 0 0 0 0 1 0 0 1 1 0 0 0 0 0 1 0 0 0  ##
10 : -75;-75;-78;-74;-70;-73;-70;-70;-74;-73;-71;-75;-74;-75;-75;-76;-77;-73;-73;-72;-74;-77;-74;-74;-72;-71;-75;-76;-73;-74;-75;-71;-74;-76;-73;-77;-71;-71;-73;-76;-74;-74;-74;-70;-69;-72;-73;-75;-76;-79;-72;-70;-77;-74;-75;-74;-79;-76;-74;-77;-75;-74;-79;-80;-72;-72;-78;-74;-74;-74;-74;-73;-74;-75;-69;-77;-71;-73;-79;-70;-70;-77;-71;-73;-78;-79;-72;-71;-75;-69;-77;-81;-74;-72;-76;-81;-74;-71;-74;-80;&&
  Avg : -74.16  Var : 763.44  Std Dev : 27.63 Comp Values L : -76 Upper : -72
AvgBits (39) : 0 1 1 1 1 0 0 1 1 0 1 1 1 1 0 1 0 0 0 0 0 0 1 0 1 0 1 1 0 1 0 0 1 1 0 0 0 1 0  ##
 Range (MinRSS - MaxRSS) : -79 <-> -70 Median : -74.00
 LT : -76 RT : -72
MedBits (39) : 0 1 1 1 1 0 0 1 1 0 1 1 1 1 0 1 0 0 0 0 0 0 1 0 1 0 1 1 0 1 0 0 1 1 0 0 0 1 0  ##
20 : -77;-79;-82;-77;-72;-74;-73;-72;-77;-75;-74;-78;-77;-77;-76;-79;-80;-74;-75;-74;-76;-78;-76;-77;-74;-73;-77;-77;-75;-77;-78;-73;-77;-78;-76;-80;-73;-73;-75;-84;-78;-76;-78;-72;-71;-74;-74;-77;-76;-84;-74;-72;-79;-77;-78;-77;-81;-81;-76;-78;-77;-77;-82;-86;-74;-74;-80;-76;-78;-75;-76;-76;-78;-78;-72;-83;-73;-78;-86;-72;-72;-82;-74;-75;-80;-81;-75;-74;-80;-71;-79;-82;-79;-74;-76;-82;-79;-73;-77;-84;&&
  Avg : -76.82  Var : 1110.76  Std Dev : 33.33 Comp Values L : -80 Upper : -75
AvgBits (43) : 0 1 1 1 1 1 1 1 1 1 1 1 1 0 1 1 1 1 0 1 1 0 0 0 0 1 1 1 0 1 0 1 1 0 1 0 1 1 0 1 0 1 0  ##
 Range (MinRSS - MaxRSS) : -83 <-> -72 Median : -77.00
 LT : -80 RT : -75
MedBits (43) : 0 1 1 1 1 1 1 1 1 1 1 1 1 0 1 1 1 1 0 1 1 0 0 0 0 1 1 1 0 1 0 1 1 0 1 0 1 1 0 1 0 1 0  ##
10 : -74;-79;-78;-76;-74;-74;-73;-74;-83;-75;-72;-71;-78;-77;-72;-77;-78;-80;-82;-80;-85;-77;-76;-76;-81;-85;-73;-73;-77;-75;-76;-79;-73;-74;-81;-70;-74;-77;-70;-73;-73;-82;-81;-78;-75;-74;-73;-73;-76;-75;-76;-78;-83;-83;-72;-78;-83;-84;-78;-77;-74;-76;-82;-74;-74;-78;-75;-77;-76;-76;-82;-76;-73;-85;-74;-75;-84;-86;-76;-78;-76;-73;-71;-74;-75;-76;-76;-86;-77;-74;-81;-78;-72;-82;-80;-77;-71;-73;-80;-74;&&
  Avg : -76.81  Var : 1485.39  Std Dev : 38.54 Comp Values L : -80 Upper : -74
AvgBits (40) : 1 0 1 1 1 0 0 0 0 1 1 1 0 1 1 1 1 0 0 1 1 0 0 1 0 0 0 0 1 0 0 0 1 1 0 0 1 0 1 1  ##
 Range (MinRSS - MaxRSS) : -84 <-> -72 Median : -76.00
 LT : -80 RT : -74
MedBits (40) : 1 0 1 1 1 0 0 0 0 1 1 1 0 1 1 1 1 0 0 1 1 0 0 1 0 0 0 0 1 0 0 0 1 1 0 0 1 0 1 1  ##
20 : -77;-85;-82;-79;-77;-77;-75;-78;-83;-79;-75;-73;-80;-81;-77;-79;-84;-83;-86;-84;-89;-81;-78;-78;-83;-84;-76;-78;-82;-81;-79;-81;-75;-77;-83;-72;-77;-84;-72;-77;-76;-91;-85;-80;-79;-76;-76;-75;-78;-78;-79;-83;-86;-85;-73;-83;-83;-87;-81;-80;-79;-77;-82;-78;-76;-81;-81;-80;-79;-81;-83;-80;-75;-84;-77;-76;-85;-86;-81;-81;-82;-76;-74;-77;-79;-78;-79;-84;-79;-77;-91;-80;-75;-86;-85;-81;-74;-77;-84;-77;&&
  Avg : -79.92  Var : 1571.36  Std Dev : 39.64 Comp Values L : -83 Upper : -77
AvgBits (39) : 0 1 1 1 0 0 0 0 0 1 1 1 0 1 1 0 0 1 1 1 0 0 1 0 1 1 0 1 0 0 1 1 0 0 1 0 0 1 0  ##
 Range (MinRSS - MaxRSS) : -86 <-> -74 Median : -79.00
 LT : -82 RT : -77
MedBits (47) : 0 1 0 1 1 0 0 0 0 0 0 0 1 1 0 1 0 1 1 0 0 1 1 1 0 0 0 1 0 0 0 1 0 1 0 1 0 0 1 1 0 0 1 0 0 1 0  ##
10 : -70;-76;-74;-82;-76;-76;-76;-75;-72;-78;-75;-73;-74;-76;-75;-81;-76;-71;-74;-81;-79;-77;-74;-78;-77;-77;-79;-78;-83;-83;-71;-74;-79;-73;-78;-83;-82;-77;-74;-77;-78;-76;-78;-81;-74;-82;-77;-70;-77;-73;-81;-76;-81;-88;-77;-71;-75;-78;-77;-89;-69;-69;-74;-76;-92;-79;-83;-70;-74;-88;-80;-78;-77;-78;-73;-68;-80;-73;-76;-74;-77;-70;-79;-77;-75;-81;-77;-74;-84;-75;-78;-77;-78;-72;-83;-76;-72;-70;-84;-73;&&
  Avg : -76.86  Var : 1974.04  Std Dev : 44.43 Comp Values L : -81 Upper : -74
AvgBits (34) : 1 0 1 1 1 0 0 1 1 0 0 0 1 1 0 1 0 1 1 0 0 1 0 1 1 1 1 0 1 0 1 1 0 1  ##
 Range (MinRSS - MaxRSS) : -84 <-> -70 Median : -77.00
 LT : -80 RT : -74
MedBits (40) : 1 0 1 1 0 1 0 0 0 1 1 0 0 0 0 1 1 0 0 0 1 0 1 1 0 0 1 0 1 1 1 1 0 0 1 0 1 1 0 1  ##
20 : -72;-78;-77;-85;-81;-79;-81;-83;-75;-83;-79;-75;-78;-81;-78;-84;-81;-74;-77;-85;-84;-80;-77;-80;-83;-80;-80;-79;-84;-89;-73;-76;-84;-78;-83;-85;-86;-82;-78;-78;-84;-79;-82;-83;-77;-84;-80;-72;-79;-75;-84;-80;-89;-86;-81;-74;-78;-82;-82;-86;-71;-71;-76;-78;-87;-82;-82;-72;-77;-88;-83;-81;-80;-80;-76;-70;-83;-76;-79;-77;-81;-73;-85;-81;-78;-85;-79;-78;-86;-77;-84;-78;-80;-75;-84;-84;-75;-73;-86;-76;&&
  Avg : -79.89  Var : 1825.79  Std Dev : 42.73 Comp Values L : -84 Upper : -77
AvgBits (35) : 1 0 1 1 1 0 0 1 1 0 0 1 1 0 0 1 0 1 1 1 0 1 0 1 1 1 1 0 0 0 1 1 1 0 1  ##
 Range (MinRSS - MaxRSS) : -86 <-> -72 Median : -80.00
 LT : -83 RT : -76
MedBits (40) : 1 0 1 1 0 1 0 0 0 0 1 0 0 0 0 0 1 1 0 0 0 1 0 1 1 0 1 0 1 1 0 0 0 0 1 0 0 1 1 0  ##
