182
294
183
218
154
172
90
124
207
193
158
148
0
2
0
0
46
211
12
46
24
2
8
0
0
0
0
0
0
0
0
51
60
48
0
0
0
0
6
249
158
210
63
92
132
142
88
210
62
152
155
94
170
38
24
62
18
158
6
28
47
54
67
40
36
8
2
0
0
2
2
16
4
0
56
12
22
0
2
0
0
0
0
0
8
63
34
192
294
241
323
239
240
306
289
245
328
215
8
0
4
2
0
0
0
0
0
0
0
0
0
4
2
0
0
0
0
0
2
4
6
0
0
33
0
0
0
0
0
0
0
0
0
0
0
0
0
0
0
0
0
4
0
6
0
0
0
0
0
0
0
0
2
0
0
0
7
0
0
0
0
0
0
0
34
6
2
6
32
46
73
2
0
0
0
2
0
0
0
0
0
6
0
0
38
62
67
4
6
40
18
61
8
0
0
0
0
0
0
0
0
127
49
57
4
42
16
0
0
0
0
0
8
0
0
0
4
0
0
2
0
0
0
48
232
38
24
0
2
0
90
244
118
96
120
164
176
164
30
10
0
96
242
206
368
194
172
74
118
92
216
34
130
56
2
170
210
174
79
142
134
119
173
8
0
0
2
0
0
0
0
0
6
0
0
0
0
0
0
4
0
0
0
0
2
0
0
0
0
0
0
0
0
0
0
0
0
0
0
0
0
0
0
0
0
0
32
0
8
0
0
6
16
0
0
0
0
14
0
0
0
0
0
2
0
34
69
0
12
46
36
0
4
2
73
0
0
0
2
0
0
0
0
0
0
8
4
2
0
26
0
0
0
8
0
18
84
8
15
114
30
8
68
138
55
68
8
10
102
50
100
104
83
59
32
6
0
0
0
0
0
12
0
44
26
16
12
2
0
0
26
0
0
22
0
26
0
34
0
0
0
2
0
0
2
0
0
70
6
8
4
0
0
0
0
0
0
2
0
0
0
0
0
