11
298
551
90
11
0
0
88
328
146
356
127
0
8
0
0
97
428
13
88
36
1
5
0
0
0
0
0
0
0
0
152
291
204
0
0
0
0
10
596
427
586
164
138
230
339
163
480
168
390
274
255
451
49
96
186
21
465
11
30
73
77
162
102
114
20
4
0
0
5
1
21
8
0
115
26
24
0
1
0
0
0
0
0
8
108
79
555
330
391
435
197
515
591
390
188
311
573
24
0
5
1
0
0
0
0
0
0
0
0
0
5
1
0
0
0
0
0
1
3
14
0
0
53
0
0
0
0
0
0
0
0
0
0
0
0
0
0
0
0
0
2
0
5
0
0
0
0
0
0
0
0
3
0
0
0
13
0
0
0
0
0
0
0
75
11
1
3
56
84
182
8
0
0
0
1
0
0
0
0
0
10
0
0
68
113
147
2
4
67
29
93
8
0
0
0
0
0
0
0
0
225
68
84
2
60
38
0
0
0
0
0
5
0
0
0
8
0
0
4
0
0
0
253
321
82
36
0
1
0
170
380
147
116
449
116
457
414
21
6
0
106
220
221
484
448
415
45
202
158
264
209
276
126
1
494
148
138
113
13
57
201
439
33
0
0
5
0
0
0
0
0
6
0
0
0
0
0
0
13
0
0
0
0
1
0
0
0
0
0
0
0
0
0
0
0
0
0
0
0
0
0
0
0
0
0
87
0
4
0
0
5
74
0
0
0
0
16
0
0
0
0
0
4
0
56
102
0
9
94
55
0
23
2
313
0
0
0
1
0
0
0
0
0
0
6
7
4
0
13
0
0
0
8
0
57
183
13
26
210
51
12
231
381
149
158
35
6
235
142
453
244
375
98
47
10
0
0
0
0
0
10
0
292
31
26
23
1
0
0
38
0
0
11
0
57
0
79
0
0
0
4
0
0
1
0
0
60
10
21
17
0
0
0
0
0
0
2
0
0
0
0
0
