1000
517
760
727
1000
469
119
1000
1000
1000
423
129
0
8
0
0
97
428
13
88
36
1
5
0
0
0
0
0
0
0
0
152
291
204
0
0
0
0
10
780
793
586
164
138
1000
1000
163
1000
168
795
1000
1000
451
49
96
923
21
671
11
30
73
77
162
102
1000
20
4
0
0
5
1
21
8
0
115
26
24
0
1
0
0
0
0
0
8
108
79
694
589
584
513
659
619
809
371
583
566
636
24
0
5
1
0
0
0
0
0
0
0
0
0
5
1
0
0
0
0
0
1
3
14
0
0
53
0
0
0
0
0
0
0
0
0
0
0
0
0
0
0
0
0
2
0
5
0
0
0
0
0
0
0
0
3
0
0
0
13
0
0
0
0
0
0
0
75
11
1
3
56
84
182
8
0
0
0
1
0
0
0
0
0
10
0
0
68
113
147
2
4
67
29
93
8
0
0
0
0
0
0
0
0
225
68
44
2
60
38
0
0
0
0
0
5
0
0
0
8
0
0
4
0
0
0
253
1000
82
36
0
1
0
170
1000
147
1000
642
268
1000
1000
21
6
0
106
220
264
1000
448
415
45
1000
917
1000
1000
1000
126
1
1000
148
138
263
506
389
813
774
33
0
0
5
0
0
0
0
0
6
0
0
0
0
0
0
13
0
0
0
0
1
0
0
0
0
0
0
0
0
0
0
0
0
0
0
0
0
0
0
0
0
0
87
0
4
0
0
5
74
0
0
0
0
16
0
0
0
0
0
4
0
56
102
0
9
94
55
0
23
2
313
0
0
0
1
0
0
0
0
0
0
6
7
4
0
13
0
0
0
8
0
57
183
13
26
210
51
12
231
1000
149
1000
35
6
235
142
1000
833
375
98
47
10
0
0
0
0
0
10
0
292
31
26
23
1
0
0
38
0
0
11
0
57
0
79
0
0
0
4
0
0
1
0
0
60
10
21
17
0
0
0
0
0
0
2
0
0
0
0
0
